%YAML:1.0
Combiner: !!opencv-matrix
   rows: 152
   cols: 19
   dt: f
   data: [ -1.53262064e-01, 6.80789798e-02, 1.14707865e-01,
       7.12855497e-10, 2.71864206e-01, -9.50503629e-03, -1.73112512e-01,
       5.77583872e-02, 7.53318742e-02, 5.89252524e-02, -5.70697486e-02,
       1.11997321e-01, -3.30877043e-02, -9.17216316e-02, 6.88261073e-03,
       8.07234123e-02, -3.04968715e-01, 1.14030734e-01, 3.66069190e-02,
       -6.80789798e-02, -1.53262064e-01, -7.12770953e-10, 1.14707865e-01,
       3.13281342e-02, 1.33568749e-01, 1.95004465e-03, 1.01719573e-01,
       8.16034600e-02, 2.26107538e-02, -3.15839588e-03, 4.68569063e-03,
       1.45963013e-01, 9.11066588e-03, -4.61963266e-02, 2.96263527e-02,
       1.23369545e-02, -4.37806407e-03, 4.32024635e-02, -1.54557228e-01,
       1.77985094e-02, 1.14707865e-01, 6.19606644e-10, 2.67380416e-01,
       -5.54418527e-02, -1.34057656e-01, 7.05132261e-02, 8.00789520e-02,
       1.24992020e-02, -7.45705962e-02, 1.77972838e-01, -2.21725479e-02,
       -4.57085446e-02, 2.57021142e-03, 9.86108184e-02, -1.17121413e-01,
       8.21223706e-02, 8.68665874e-02, -1.77985094e-02, -1.54557228e-01,
       -6.19584495e-10, 1.14707865e-01, 1.55385556e-02, 7.74412528e-02,
       -1.33850742e-02, 7.05472305e-02, 8.85184482e-02, 3.26132551e-02,
       6.50005043e-02, 7.75640607e-02, 1.55977055e-01, 6.50100857e-02,
       -1.44392282e-01, 1.20454654e-01, 6.12122677e-02, -1.09267972e-01,
       -2.40451470e-01, -1.49709091e-01, -2.87783593e-02, 1.14707865e-01,
       5.10340381e-10, 2.72696227e-01, -1.11005180e-01, -1.20963901e-01,
       8.94661248e-02, 8.65902603e-02, -2.69842558e-02, -7.05538839e-02,
       1.91752911e-01, -3.00051887e-02, -4.65496071e-02, -5.02807647e-02,
       6.02009706e-02, -9.94313061e-02, -3.86212254e-03, 3.58559638e-02,
       2.87783593e-02, -1.49709091e-01, -5.10376075e-10, 1.14707865e-01,
       3.43190436e-03, -1.63328706e-03, -3.18609737e-02, 3.68794389e-02,
       4.33897898e-02, 2.26697568e-02, 1.84863582e-01, 3.62235531e-02,
       1.63429797e-01, 2.06896127e-03, -1.36036545e-01, 1.12393737e-01,
       2.52405386e-02, -1.64476708e-01, -3.30198437e-01, -1.39172927e-01,
       -7.77556598e-02, 1.14707865e-01, 3.74864223e-10, 2.79531807e-01,
       -2.16626421e-01, -6.40853643e-02, 1.34049386e-01, 4.10821661e-02,
       -9.47611034e-02, 3.09109222e-03, 1.36188120e-01, -1.69479027e-02,
       -1.87476203e-02, -8.50567743e-02, -5.37567660e-02, 4.23169173e-02,
       -2.71028951e-02, 4.36478518e-02, 7.77556598e-02, -1.39172927e-01,
       -3.74960785e-10, 1.14707865e-01, 2.34726146e-02, -8.26805905e-02,
       -5.36785871e-02, 1.38987368e-02, 2.67447587e-02, -7.04875961e-02,
       3.62037510e-01, -3.20535339e-02, 9.19311494e-02, 2.83808671e-02,
       -5.94167337e-02, 3.48850749e-02, 7.27529600e-02, -2.70485822e-02,
       -9.13369134e-02, -1.18860602e-01, -1.23219609e-01, 1.14707865e-01,
       2.09252143e-10, 2.10466892e-01, -2.49142691e-01, -3.96115035e-02,
       1.36407346e-01, -1.20824995e-02, -9.29845572e-02, 9.58321244e-02,
       8.98020491e-02, -8.48381072e-02, -3.44661884e-02, -7.97142684e-02,
       -1.80574477e-01, 1.80570483e-01, -3.79692689e-02, -4.11615148e-02,
       1.23219609e-01, -1.18860602e-01, -2.09405118e-10, 1.14707865e-01,
       -4.40950952e-02, 9.19009075e-02, -1.30063727e-01, -5.66985458e-02,
       7.49134570e-02, -5.03726788e-02, 2.95935094e-01, 1.09180935e-01,
       3.80171537e-02, 4.64382358e-02, -3.91444415e-02, 1.60332918e-02,
       1.49385884e-01, -4.91045639e-02, -9.00430977e-02, -8.73891711e-02,
       -1.55390531e-01, 1.14707865e-01, 2.73612487e-11, 1.05130978e-01,
       -1.80399403e-01, -2.13080645e-02, 9.26279128e-02, -2.17661224e-02,
       -5.77490106e-02, 1.41814426e-01, 3.34971659e-02, -1.41108260e-01,
       -7.66446963e-02, -4.16456349e-02, -1.60143241e-01, 2.07397819e-01,
       -1.37748346e-02, -9.19672549e-02, 1.55390531e-01, -8.73891711e-02,
       -2.75541638e-11, 1.14707865e-01, -4.83693257e-02, 1.45146593e-01,
       -1.84328422e-01, -7.65881836e-02, 4.35228273e-02, 3.10081290e-03,
       1.70068219e-01, 1.74428612e-01, 5.94818369e-02, -2.90586576e-02,
       1.13161718e-02, -7.33926669e-02, 7.41225258e-02, -1.29478872e-02,
       -2.60646679e-02, -4.70520109e-02, -1.79120928e-01, 1.14707865e-01,
       -1.71602288e-10, -4.79527656e-03, -6.16899878e-02,
       -1.85155030e-02, 2.54801996e-02, -1.26602612e-02, -7.84266181e-03,
       7.51997754e-02, -3.17874625e-02, -1.35037929e-01, -7.22601786e-02,
       -3.86202242e-03, -5.88199683e-02, 2.94616818e-02, -3.22159007e-02,
       -1.01993725e-01, 1.79120928e-01, -4.70520109e-02, 1.71379910e-10,
       1.14707865e-01, -2.60271970e-02, 9.97877121e-02, -1.99996755e-01,
       -5.13787121e-02, -6.33204430e-02, 5.78802191e-02, 7.52076656e-02,
       1.93018124e-01, 3.62150706e-02, -1.21919833e-01, 5.76753393e-02,
       -2.29275420e-01, -7.47187948e-03, 2.97884215e-02, 6.26476854e-02,
       3.89228198e-11, -1.87802151e-01, 1.14707865e-01, -3.66598890e-10,
       -5.31358235e-02, -1.23903652e-08, 5.92948246e-10, 1.31839517e-08,
       8.31649327e-09, 1.28400854e-08, -8.06372706e-03, 5.51006103e-08,
       -1.10828973e-01, -1.16611218e-08, -4.08689900e-08,
       -2.93112770e-08, 1.85844925e-07, -9.33941280e-08, -2.26658599e-07,
       1.87802151e-01, 3.56303077e-11, 3.66365743e-10, 1.14707865e-01,
       -5.34018652e-09, 7.78452158e-02, -2.01688915e-01, -3.39556001e-02,
       -9.58034918e-02, 8.09038356e-02, -1.44840456e-07, 1.95266485e-01,
       1.76562423e-07, -1.21876970e-01, 7.00699314e-02, -2.81518608e-01,
       -2.45534740e-02, 1.73518248e-02, 1.06522210e-01, 4.70520109e-02,
       -1.79120928e-01, 1.14707865e-01, -5.27703214e-10, -4.79527889e-03,
       6.16899729e-02, 1.85154993e-02, -2.54801922e-02, 1.26602473e-02,
       7.84296915e-03, 7.51998127e-02, 3.17875072e-02, -1.35038108e-01,
       7.22602531e-02, 3.86187620e-03, 5.88198826e-02, -2.94612590e-02,
       3.22157219e-02, 1.01993002e-01, 1.79120928e-01, 4.70520109e-02,
       5.27480781e-10, 1.14707865e-01, 2.60272119e-02, 9.97876078e-02,
       -1.99996442e-01, -5.13787158e-02, -6.33204132e-02, 5.78800663e-02,
       -7.52079487e-02, 1.93018183e-01, -3.62147763e-02, -1.21919654e-01,
       5.76754957e-02, -2.29275495e-01, -7.47160148e-03, 2.97882203e-02,
       6.26473650e-02, 8.73891711e-02, -1.55390531e-01, 1.14707865e-01,
       -6.34020947e-10, 1.05131060e-01, 1.80399284e-01, 2.13080849e-02,
       -9.26280022e-02, 2.17662174e-02, 5.77497296e-02, 1.41814098e-01,
       -3.34971473e-02, -1.41108543e-01, 7.66448453e-02, 4.16455716e-02,
       1.60143197e-01, -2.07397327e-01, 1.37743857e-02, 9.19668749e-02,
       1.55390531e-01, 8.73891711e-02, 6.33827990e-10, 1.14707865e-01,
       4.83692959e-02, 1.45146474e-01, -1.84328318e-01, -7.65881538e-02,
       4.35227938e-02, 3.10026947e-03, -1.70067653e-01, 1.74428597e-01,
       -5.94812222e-02, -2.90586241e-02, 1.13160312e-02, -7.33930245e-02,
       7.41226226e-02, -1.29480585e-02, -2.60642879e-02, 1.18860602e-01,
       -1.23219609e-01, 1.14707865e-01, -6.90313418e-10, 2.10466802e-01,
       2.49142617e-01, 3.96115780e-02, -1.36407420e-01, 1.20825404e-02,
       9.29849967e-02, 9.58316997e-02, -8.98019969e-02, -8.48385915e-02,
       3.44661586e-02, 7.97142982e-02, 1.80574507e-01, -1.80570662e-01,
       3.79692912e-02, 4.11612950e-02, 1.23219609e-01, 1.18860602e-01,
       6.90160484e-10, 1.14707865e-01, 4.40951213e-02, 9.19009447e-02,
       -1.30063847e-01, -5.66985570e-02, 7.49131888e-02, -5.03738187e-02,
       -2.95934767e-01, 1.09181352e-01, -3.80167477e-02, 4.64384221e-02,
       -3.91444750e-02, 1.60333738e-02, 1.49386138e-01, -4.91044372e-02,
       -9.00431052e-02, 1.39172927e-01, -7.77556598e-02, 1.14707865e-01,
       -6.78429868e-10, 2.79531717e-01, 2.16626361e-01, 6.40853718e-02,
       -1.34049252e-01, -4.10821401e-02, 9.47609469e-02, 3.09056812e-03,
       -1.36188090e-01, -1.69475637e-02, 1.87474769e-02, 8.50565583e-02,
       5.37569039e-02, -4.23169732e-02, 2.71030366e-02, -4.36472930e-02,
       7.77556598e-02, 1.39172927e-01, 6.78333278e-10, 1.14707865e-01,
       -2.34726109e-02, -8.26805905e-02, -5.36786057e-02, 1.38987508e-02,
       2.67446712e-02, -7.04886988e-02, -3.62037659e-01, -3.20530571e-02,
       -9.19309333e-02, 2.83807702e-02, -5.94166592e-02, 3.48852649e-02,
       7.27530643e-02, -2.70485189e-02, -9.13372114e-02, 1.49709091e-01,
       -2.87783593e-02, 1.14707865e-01, -6.22693896e-10, 2.72696227e-01,
       1.11005232e-01, 1.20963886e-01, -8.94661695e-02, -8.65902975e-02,
       2.69838870e-02, -7.05540702e-02, -1.91752747e-01, -3.00050769e-02,
       4.65495624e-02, 5.02807125e-02, -6.02009185e-02, 9.94310975e-02,
       3.86230834e-03, -3.58558334e-02, 2.87783593e-02, 1.49709091e-01,
       6.22658147e-10, 1.14707865e-01, -3.43190785e-03, -1.63328962e-03,
       -3.18609513e-02, 3.68793830e-02, 4.33897972e-02, 2.26691011e-02,
       -1.84863582e-01, 3.62239555e-02, -1.63429335e-01, 2.06892239e-03,
       -1.36036560e-01, 1.12393647e-01, 2.52410471e-02, -1.64476976e-01,
       -3.30198973e-01, 1.54557228e-01, 1.77985094e-02, 1.14707865e-01,
       -5.50119450e-10, 2.67380029e-01, 5.54418638e-02, 1.34057626e-01,
       -7.05132633e-02, -8.00788999e-02, -1.24995839e-02,
       -7.45705515e-02, -1.77972704e-01, -2.21724398e-02, 4.57083732e-02,
       -2.57016881e-03, -9.86106545e-02, 1.17121279e-01, -8.21223110e-02,
       -8.68665054e-02, -1.77985094e-02, 1.54557228e-01, 5.50141599e-10,
       1.14707865e-01, -1.55385602e-02, 7.74412900e-02, -1.33850686e-02,
       7.05472305e-02, 8.85183662e-02, 3.26130539e-02, -6.50004074e-02,
       7.75644779e-02, -1.55976802e-01, 6.50099739e-02, -1.44392043e-01,
       1.20454721e-01, 6.12125099e-02, -1.09268300e-01, -2.40452215e-01,
       1.53262064e-01, 6.80789798e-02, 1.14707865e-01, -4.47068521e-10,
       2.71864235e-01, 9.50506050e-03, 1.73112720e-01, -5.77583462e-02,
       -7.53319934e-02, -5.89257069e-02, -5.70696406e-02,
       -1.11997440e-01, -3.30877304e-02, 9.17216167e-02, -6.88272109e-03,
       -8.07239488e-02, 3.04969907e-01, -1.14031278e-01, -3.66070420e-02,
       -6.80789798e-02, 1.53262064e-01, 4.47153065e-10, 1.14707865e-01,
       -3.13281678e-02, 1.33568689e-01, 1.95004698e-03, 1.01719484e-01,
       8.16034973e-02, 2.26108078e-02, 3.15815886e-03, 4.68579540e-03,
       -1.45963013e-01, 9.11060814e-03, -4.61962558e-02, 2.96263695e-02,
       1.23369759e-02, -4.37795324e-03, 4.32024673e-02, 1.22195609e-01,
       9.84370187e-02, 1.14707865e-01, -2.70249018e-10, 4.68635634e-02,
       -7.74165476e-03, 1.41093999e-01, 8.29129517e-02, 3.34947109e-02,
       -1.45777524e-01, 3.23913172e-02, 4.11773734e-02, 4.32171077e-02,
       -1.39249355e-01, 1.36022016e-01, -1.59570817e-02, -3.34747322e-02,
       -2.18192220e-01, -1.76383927e-02, -9.84370187e-02, 1.22195609e-01,
       2.70371225e-10, 1.14707865e-01, -6.52111252e-04, 1.18685238e-01,
       9.44869686e-03, -3.22570205e-02, -7.03372732e-02, -1.86928049e-01,
       1.28160179e-01, 4.29827385e-02, -1.78931698e-01, -1.25249654e-01,
       4.85359542e-02, 1.61938235e-01, -3.46661024e-02, 1.65861130e-01,
       -1.57101676e-01, 9.47883278e-02, 1.21585339e-01, 1.14707865e-01,
       -1.21349902e-10, 2.60252971e-03, 1.14666820e-02, 1.08712219e-01,
       1.10975876e-01, 6.84757829e-02, -1.39961973e-01, 4.87822592e-02,
       5.10512963e-02, 7.68131465e-02, -1.62827849e-01, 1.70027927e-01,
       5.65163195e-02, -3.09601054e-03, -3.58529799e-02, -2.44740173e-02,
       -1.21585339e-01, 9.47883278e-02, 1.21500851e-10, 1.14707865e-01,
       -2.18926929e-03, 6.75171092e-02, 4.55468632e-02, -9.27122459e-02,
       -8.99954215e-02, -1.33841261e-01, 1.04497164e-01, 8.88237879e-02,
       -1.39403671e-01, 3.98218781e-02, 6.55369507e-03, 1.04178868e-01,
       1.02785537e-02, 7.22957328e-02, 9.45306569e-03, 6.17324784e-02,
       1.21364541e-01, 1.14707865e-01, 3.30636950e-12, -3.41446064e-02,
       8.45620036e-03, 7.90815726e-02, 1.08947195e-01, 8.52016434e-02,
       -8.92572030e-02, 5.54411858e-02, 7.01970831e-02, 8.23529214e-02,
       -8.16718936e-02, 1.62122712e-01, 9.10415649e-02, 5.05792499e-02,
       6.68068379e-02, 1.02688223e-02, -1.21364541e-01, 6.17324784e-02,
       -3.15571462e-12, 1.14707865e-01, -8.57788231e-03, 2.02717744e-02,
       8.46688822e-02, -1.12970762e-01, -1.33828506e-01, -1.36023119e-01,
       8.14907327e-02, 6.43115714e-02, -9.57674012e-02, 8.81157145e-02,
       -2.42033526e-02, -2.51653865e-02, -2.28698943e-02,
       -7.98995271e-02, 9.06023011e-02, 3.11465617e-02, 1.02880679e-01,
       1.14707865e-01, 8.29657523e-11, -5.68001755e-02, 4.28395858e-03,
       5.22948503e-02, 8.41845274e-02, 6.98478669e-02, -6.84323814e-03,
       3.94578166e-02, 3.62675674e-02, 9.64291394e-02, -1.48171084e-02,
       9.06930640e-02, 7.16835111e-02, 3.56887653e-02, 1.22104198e-01,
       3.50377150e-02, -1.02880679e-01, 3.11465617e-02, -8.28380281e-11,
       1.14707865e-01, -1.06140971e-02, 7.93052558e-03, 1.07319742e-01,
       -1.17724076e-01, -1.47978246e-01, -1.18753754e-01, 6.95226416e-02,
       3.68123390e-02, -7.58696347e-02, 5.66242561e-02, -5.14304973e-02,
       -1.00219257e-01, -7.68595114e-02, -2.10824639e-01, 8.51671845e-02,
       6.33721650e-02, 1.03438556e-01, 1.14707865e-01, -3.78908016e-11,
       -3.03269327e-02, -3.35234596e-04, 8.48584920e-02, 1.00790083e-01,
       7.02291355e-02, -7.50693008e-02, 4.96879295e-02, 4.56236452e-02,
       9.51341391e-02, -8.16824511e-02, 1.34172618e-01, 4.92028259e-02,
       8.51016305e-03, 8.37850850e-03, 1.14850774e-02, -1.03438556e-01,
       6.33721650e-02, 3.80192197e-11, 1.14707865e-01, -1.15476074e-02,
       2.74092089e-02, 7.88795426e-02, -1.17020562e-01, -1.50114030e-01,
       -1.52661696e-01, 8.48645270e-02, 4.26427051e-02, -1.12211503e-01,
       -1.31206904e-02, -6.89085526e-03, -7.22907037e-02,
       -3.65400612e-02, -2.71445252e-02, 2.09830999e-02, 9.31768119e-02,
       1.04190506e-01, 1.14707865e-01, -1.49207299e-10, 7.77096488e-04,
       -3.94200534e-03, 1.16415456e-01, 9.35421363e-02, 5.09244427e-02,
       -1.19773790e-01, 5.61331622e-02, 3.82331200e-02, 8.83248150e-02,
       -1.38904616e-01, 1.44526303e-01, 1.32091362e-02, -3.20679732e-02,
       -1.03297703e-01, 2.30353395e-03, -1.04190506e-01, 9.31768119e-02,
       1.49336640e-10, 1.14707865e-01, -8.09664465e-03, 5.93096465e-02,
       4.56975996e-02, -1.08123377e-01, -1.31690145e-01, -1.73252851e-01,
       1.02609918e-01, 7.03633726e-02, -1.45398483e-01, -6.39199167e-02,
       2.35795099e-02, 2.96376683e-02, 1.39693543e-02, 1.48190513e-01,
       -7.17951357e-02, -1.22195616e-01, 9.84370187e-02, 1.14707865e-01,
       6.54556687e-10, 4.68635745e-02, 7.74165569e-03, -1.41094074e-01,
       -8.29129517e-02, -3.34946699e-02, 1.45777866e-01, 3.23907733e-02,
       -4.11773995e-02, 4.32170779e-02, 1.39249504e-01, -1.36022121e-01,
       1.59569010e-02, 3.34749185e-02, 2.18192294e-01, 1.76381171e-02,
       -9.84370187e-02, -1.22195616e-01, -6.54434451e-10, 1.14707865e-01,
       6.52109971e-04, 1.18685193e-01, 9.44868568e-03, -3.22568826e-02,
       -7.03371763e-02, -1.86928809e-01, -1.28159449e-01, 4.29827981e-02,
       1.78931683e-01, -1.25249669e-01, 4.85357493e-02, 1.61938280e-01,
       -3.46665345e-02, 1.65861145e-01, -1.57101482e-01, -9.47883278e-02,
       1.21585339e-01, 1.14707865e-01, 5.96030836e-10, 2.60253530e-03,
       -1.14666838e-02, -1.08712174e-01, -1.10975832e-01,
       -6.84757009e-02, 1.39962181e-01, 4.87815961e-02, -5.10514937e-02,
       7.68130422e-02, 1.62827820e-01, -1.70027927e-01, -5.65164499e-02,
       3.09613952e-03, 3.58529910e-02, 2.44740993e-02, -1.21585339e-01,
       -9.47883278e-02, -5.95879901e-10, 1.14707865e-01, 2.18925113e-03,
       6.75170794e-02, 4.55468334e-02, -9.27122682e-02, -8.99954289e-02,
       -1.33841604e-01, -1.04496442e-01, 8.88238177e-02, 1.39403939e-01,
       3.98219042e-02, 6.55376120e-03, 1.04178950e-01, 1.02783795e-02,
       7.22957700e-02, 9.45310108e-03, -6.17324784e-02, 1.21364541e-01,
       1.14707865e-01, 4.70512573e-10, -3.41445953e-02, -8.45621526e-03,
       -7.90814981e-02, -1.08947247e-01, -8.52016285e-02, 8.92575234e-02,
       5.54406643e-02, -7.01973066e-02, 8.23528990e-02, 8.16718563e-02,
       -1.62122622e-01, -9.10415500e-02, -5.05791306e-02,
       -6.68067932e-02, -1.02690747e-02, -1.21364541e-01,
       -6.17324784e-02, -4.70361861e-10, 1.14707865e-01, 8.57788883e-03,
       2.02717837e-02, 8.46688226e-02, -1.12970732e-01, -1.33828670e-01,
       -1.36023521e-01, -8.14901590e-02, 6.43115044e-02, 9.57674757e-02,
       8.81157964e-02, -2.42034476e-02, -2.51653958e-02, -2.28698440e-02,
       -7.98996910e-02, 9.06022117e-02, -3.11465636e-02, 1.02880679e-01,
       1.14707865e-01, 3.18690407e-10, -5.68002015e-02, -4.28396231e-03,
       -5.22948131e-02, -8.41845348e-02, -6.98479712e-02, 6.84336200e-03,
       3.94577794e-02, -3.62677127e-02, 9.64291021e-02, 1.48172071e-02,
       -9.06931907e-02, -7.16836527e-02, -3.56886685e-02,
       -1.22104377e-01, -3.50378193e-02, -1.02880679e-01,
       -3.11465636e-02, -3.18562676e-10, 1.14707865e-01, 1.06140925e-02,
       7.93052372e-03, 1.07319698e-01, -1.17723897e-01, -1.47978291e-01,
       -1.18754014e-01, -6.95222393e-02, 3.68123800e-02, 7.58695602e-02,
       5.66242784e-02, -5.14304936e-02, -1.00219220e-01, -7.68593922e-02,
       -2.10824504e-01, 8.51667076e-02, -6.33721650e-02, 1.03438556e-01,
       1.14707865e-01, 4.41724962e-10, -3.03269327e-02, 3.35232675e-04,
       -8.48584920e-02, -1.00790076e-01, -7.02291951e-02, 7.50694051e-02,
       4.96875346e-02, -4.56237905e-02, 9.51339975e-02, 8.16823691e-02,
       -1.34172633e-01, -4.92028520e-02, -8.51010717e-03,
       -8.37855041e-03, -1.14852143e-02, -1.03438556e-01,
       -6.33721650e-02, -4.41596537e-10, 1.14707865e-01, 1.15476083e-02,
       2.74091940e-02, 7.88795650e-02, -1.17020614e-01, -1.50114343e-01,
       -1.52661964e-01, -8.48637894e-02, 4.26427014e-02, 1.12211391e-01,
       -1.31206531e-02, -6.89092232e-03, -7.22907707e-02,
       -3.65400612e-02, -2.71444861e-02, 2.09831372e-02, -9.31768194e-02,
       1.04190506e-01, 1.14707865e-01, 5.55977098e-10, 7.77099631e-04,
       3.94200394e-03, -1.16415404e-01, -9.35420394e-02, -5.09244613e-02,
       1.19774051e-01, 5.61325848e-02, -3.82334515e-02, 8.83246958e-02,
       1.38904706e-01, -1.44526333e-01, -1.32091986e-02, 3.20682153e-02,
       1.03297614e-01, -2.30365386e-03, -1.04190506e-01, -9.31768194e-02,
       -5.55847757e-10, 1.14707865e-01, 8.09663069e-03, 5.93096204e-02,
       4.56976965e-02, -1.08123437e-01, -1.31690159e-01, -1.73253208e-01,
       -1.02609172e-01, 7.03631938e-02, 1.45398691e-01, -6.39200211e-02,
       2.35795695e-02, 2.96377260e-02, 1.39694801e-02, 1.48190364e-01,
       -7.17952624e-02, -9.72962081e-02, 6.75987527e-02, 1.14707865e-01,
       5.00136543e-10, 1.29646352e-02, -6.01410354e-03, -1.06743149e-01,
       -5.96663877e-02, -4.27551754e-02, 5.15125580e-02, 1.93784032e-02,
       -6.32186830e-02, 6.72080815e-02, -9.39379707e-02, 1.13178834e-01,
       8.84290487e-02, 1.32252827e-01, 4.05781753e-02, -2.47881375e-02,
       -6.75987527e-02, -9.72962081e-02, -5.00052610e-10, 1.14707865e-01,
       9.18238051e-03, 1.02399766e-01, 1.77236870e-02, 9.24432427e-02,
       5.73213026e-02, 3.26207839e-02, -9.37973708e-02, -4.03790176e-02,
       1.22892119e-01, -2.58770976e-02, -1.91055331e-02, -1.42520629e-02,
       3.03627234e-02, -5.18583925e-03, 6.08594157e-02, -7.18204454e-02,
       8.14479738e-02, 1.14707865e-01, 4.30767561e-10, -5.48865786e-03,
       -1.12016378e-02, -8.00936148e-02, -5.51738441e-02,
       -3.94781008e-02, 5.93274347e-02, 2.79530864e-02, -5.93401715e-02,
       8.43752697e-02, -6.30199313e-02, 9.89020765e-02, 5.64889982e-02,
       7.26527274e-02, -4.27704155e-02, -3.12579051e-02, -8.14479738e-02,
       -7.18204454e-02, -4.30666419e-10, 1.14707865e-01, 8.40120949e-03,
       6.56117126e-02, 3.91054340e-02, 8.31897333e-02, 1.32559836e-02,
       5.25875799e-02, -6.48981929e-02, -7.74974078e-02, 1.00076549e-01,
       -7.79033005e-02, 2.14075074e-02, -6.53091371e-02, 1.17361031e-01,
       2.90853400e-02, 8.39265436e-02, -4.47027571e-02, 6.71108887e-02,
       1.14707865e-01, 3.00164282e-10, -5.54616563e-03, -1.01340674e-02,
       -5.81431873e-02, -4.23163325e-02, -2.31192131e-02, 4.28708084e-02,
       1.59844495e-02, -2.29278784e-02, 7.22783059e-02, -1.01585761e-02,
       9.47785676e-02, 4.90936525e-02, 5.34293242e-02, -1.23179510e-01,
       1.23064322e-02, -6.71108887e-02, -4.47027571e-02, -3.00080960e-10,
       1.14707865e-01, 1.42784312e-03, 7.19159544e-02, 4.34923656e-02,
       8.96078572e-02, 4.65382934e-02, 6.32663444e-02, -5.15238605e-02,
       -4.00356911e-02, 7.83244967e-02, 7.50974054e-03, -5.30216796e-03,
       -2.96902396e-02, 6.52100565e-03, -4.51366324e-03, 4.65854779e-02,
       -7.17221722e-02, 5.88340461e-02, 1.14707865e-01, 3.86252197e-10,
       -9.82477213e-04, -3.96554777e-03, -8.36872756e-02,
       -5.59118390e-02, -3.61907110e-02, 4.81249131e-02, 1.26048690e-02,
       -5.20503148e-02, 7.97840059e-02, -6.16460815e-02, 9.93406996e-02,
       5.77777363e-02, 9.62297022e-02, -4.54897508e-02, -7.95508455e-03,
       -5.88340461e-02, -7.17221722e-02, -3.86179144e-10, 1.14707865e-01,
       2.61244131e-03, 6.69452250e-02, 3.84699963e-02, 8.90487880e-02,
       6.59464449e-02, 4.34651822e-02, -6.92328513e-02, -5.44293113e-02,
       9.57821682e-02, 2.30179112e-02, -4.96592233e-03, -5.24663329e-02,
       -3.91729083e-03, -4.83238772e-02, 6.12546019e-02, -7.13460669e-02,
       7.08840936e-02, 1.14707865e-01, 4.08351242e-10, -5.54919988e-03,
       -5.71122486e-03, -7.61220679e-02, -4.71688062e-02,
       -2.45743543e-02, 4.96733189e-02, 3.27249663e-03, -4.56898510e-02,
       8.39544535e-02, -4.80493791e-02, 1.05465479e-01, 6.68702722e-02,
       8.83937404e-02, -6.73090965e-02, 3.68386228e-03, -7.08840936e-02,
       -7.13460669e-02, -4.08263257e-10, 1.14707865e-01, 9.83576570e-03,
       7.62621611e-02, 3.25969309e-02, 8.63833725e-02, 4.17376459e-02,
       6.31844625e-02, -6.94277957e-02, -6.43868074e-02, 1.00954428e-01,
       -3.31793763e-02, -2.99494388e-03, -4.90886904e-02, 3.67460102e-02,
       -9.35831165e-04, 6.01714551e-02, 9.72962081e-02, 6.75987527e-02,
       1.14707865e-01, -2.36224457e-10, 1.29646380e-02, 6.01411099e-03,
       1.06743149e-01, 5.96664362e-02, 4.27551903e-02, -5.15124798e-02,
       1.93786789e-02, 6.32185936e-02, 6.72079846e-02, 9.39379707e-02,
       -1.13178909e-01, -8.84289518e-02, -1.32253170e-01,
       -4.05781828e-02, 2.47882288e-02, -6.75987527e-02, 9.72962081e-02,
       2.36308417e-10, 1.14707865e-01, -9.18238889e-03, 1.02399729e-01,
       1.77236516e-02, 9.24432948e-02, 5.73214442e-02, 3.26211266e-02,
       9.37974155e-02, -4.03789394e-02, -1.22892112e-01, -2.58771349e-02,
       -1.91057045e-02, -1.42522100e-02, 3.03628482e-02, -5.18600550e-03,
       6.08594902e-02, 7.18204454e-02, 8.14479738e-02, 1.14707865e-01,
       -1.12786780e-10, -5.48866764e-03, 1.12016397e-02, 8.00934657e-02,
       5.51738180e-02, 3.94780189e-02, -5.93272448e-02, 2.79533323e-02,
       5.93401082e-02, 8.43751803e-02, 6.30199835e-02, -9.89020839e-02,
       -5.64889461e-02, -7.26530179e-02, 4.27706093e-02, 3.12580951e-02,
       -8.14479738e-02, 7.18204454e-02, 1.12887907e-10, 1.14707865e-01,
       -8.40120111e-03, 6.56117201e-02, 3.91054749e-02, 8.31897259e-02,
       1.32559948e-02, 5.25877997e-02, 6.48979098e-02, -7.74974078e-02,
       -1.00076467e-01, -7.79032186e-02, 2.14073975e-02, -6.53092489e-02,
       1.17361203e-01, 2.90853642e-02, 8.39266405e-02, 4.47027571e-02,
       6.71108887e-02, 1.14707865e-01, -3.81568770e-11, -5.54616423e-03,
       1.01340562e-02, 5.81431612e-02, 4.23163325e-02, 2.31192075e-02,
       -4.28706557e-02, 1.59846544e-02, 2.29277294e-02, 7.22783282e-02,
       1.01586664e-02, -9.47788060e-02, -4.90936600e-02, -5.34294359e-02,
       1.23179726e-01, -1.23064732e-02, -6.71108887e-02, 4.47027571e-02,
       3.82401992e-11, 1.14707865e-01, -1.42783974e-03, 7.19159767e-02,
       4.34923247e-02, 8.96077603e-02, 4.65382487e-02, 6.32665977e-02,
       5.15234768e-02, -4.00357880e-02, -7.83246532e-02, 7.50965253e-03,
       -5.30214701e-03, -2.96901297e-02, 6.52092556e-03, -4.51353239e-03,
       4.65855747e-02, 7.17221722e-02, 5.88340461e-02, 1.14707865e-01,
       -1.56558377e-10, -9.82479076e-04, 3.96554917e-03, 8.36872458e-02,
       5.59117831e-02, 3.61907482e-02, -4.81248386e-02, 1.26050496e-02,
       5.20501435e-02, 7.97840655e-02, 6.16460964e-02, -9.93406698e-02,
       -5.77776507e-02, -9.62298736e-02, 4.54898365e-02, 7.95514043e-03,
       -5.88340461e-02, 7.17221722e-02, 1.56631416e-10, 1.14707865e-01,
       -2.61244108e-03, 6.69452474e-02, 3.84699814e-02, 8.90487880e-02,
       6.59464598e-02, 4.34653498e-02, 6.92325681e-02, -5.44292144e-02,
       -9.57821310e-02, 2.30179112e-02, -4.96586412e-03, -5.24663962e-02,
       -3.91737139e-03, -4.83238138e-02, 6.12547472e-02, 7.13460669e-02,
       7.08840936e-02, 1.14707865e-01, -1.31612873e-10, -5.54919988e-03,
       5.71122067e-03, 7.61220530e-02, 4.71688285e-02, 2.45743599e-02,
       -4.96732295e-02, 3.27271433e-03, 4.56898324e-02, 8.39544237e-02,
       4.80494238e-02, -1.05465792e-01, -6.68702200e-02, -8.83942246e-02,
       6.73091710e-02, -3.68380337e-03, -7.08840936e-02, 7.13460669e-02,
       1.31700886e-10, 1.14707865e-01, -9.83578339e-03, 7.62621984e-02,
       3.25969458e-02, 8.63832980e-02, 4.17376384e-02, 6.31847456e-02,
       6.94275796e-02, -6.43867552e-02, -1.00954376e-01, -3.31794582e-02,
       -2.99496832e-03, -4.90888804e-02, 3.67460921e-02, -9.35755437e-04,
       6.01714253e-02, -1.72821227e-02, 6.99243918e-02, 1.14707865e-01,
       2.01893419e-10, -5.85248917e-02, 1.15400727e-03, -1.58277508e-02,
       -2.43874192e-02, 3.28093814e-03, 1.55844120e-02, 2.47217976e-02,
       1.89169273e-02, 3.94672565e-02, 1.46325305e-02, 9.68707260e-03,
       1.89479571e-02, 5.28523326e-03, -5.54511920e-02, 2.65163202e-02,
       -6.99243918e-02, -1.72821227e-02, -2.01806613e-10, 1.14707865e-01,
       -6.36737840e-03, 1.76970754e-02, 2.87634693e-02, 3.30763496e-02,
       -2.33305786e-02, 1.37053445e-01, -1.31336469e-02, -1.07341692e-01,
       4.69454005e-03, -1.11395419e-01, 7.12621212e-03, -1.34007409e-01,
       -2.23059595e-01, -5.46297505e-02, -1.84358895e-01,
       -2.27276571e-02, 2.64338851e-02, 1.14707865e-01, 1.37604386e-10,
       -8.87057260e-02, 1.93530857e-03, -2.01727264e-02, -5.26361400e-03,
       5.99433575e-03, -1.23384101e-02, 1.90496277e-02, -1.28950849e-02,
       3.80085073e-02, -1.09571265e-02, 2.73905396e-02, -1.42019673e-03,
       -2.29837485e-02, -4.83995453e-02, 3.13279442e-02, -2.64338851e-02,
       -2.27276571e-02, -1.37571593e-10, 1.14707865e-01, -1.60162654e-02,
       -1.02414407e-01, 9.69477668e-02, -2.83183772e-02, 2.64478605e-02,
       1.57421350e-01, -3.24966088e-02, 5.18975146e-02, 2.39961105e-03,
       7.75757134e-02, 1.31447330e-01, -3.36767361e-02, -1.30768418e-01,
       8.11808463e-03, -1.75751090e-01, -4.71401550e-02, -2.71984562e-03,
       1.14707865e-01, 1.73074707e-10, -6.25010729e-02, -2.23503578e-02,
       -7.01010227e-02, -5.74259125e-02, 5.03350422e-02, 8.75290390e-03,
       -1.50303692e-02, -3.23132947e-02, 1.51288714e-02, -6.67292252e-02,
       7.55959004e-02, -1.01766791e-02, -1.86640561e-01, -2.28765666e-01,
       -6.30032793e-02, 2.71984562e-03, -4.71401550e-02, -1.73078094e-10,
       1.14707865e-01, 8.18154949e-04, -6.90639764e-02, 6.90470040e-02,
       -4.07292545e-02, 1.42011315e-01, 6.18473589e-02, -1.66157912e-02,
       1.79861858e-01, 2.64351554e-02, 3.22657526e-01, 1.33392617e-01,
       1.25173941e-01, 1.39068380e-01, 8.78549460e-03, 1.20349042e-01,
       -3.63488905e-02, -2.22657137e-02, 1.14707865e-01, 9.40847955e-11,
       -8.35917667e-02, -7.84329604e-03, -6.17478490e-02,
       -3.53198424e-02, 9.58876014e-02, -4.17376831e-02, -2.01014336e-02,
       3.91598046e-02, 8.60436168e-03, 1.05113126e-01, 1.03381090e-01,
       3.17295194e-02, -6.17946796e-02, -2.26719335e-01, 8.50442871e-02,
       2.22657137e-02, -3.63488905e-02, -9.41124401e-11, 1.14707865e-01,
       2.50899186e-03, -8.19709152e-02, 5.02029657e-02, -5.25677949e-02,
       6.51943982e-02, 5.91999255e-02, -2.92120632e-02, -8.03340226e-03,
       2.90727504e-02, 8.07184651e-02, 8.89026523e-02, -1.82256810e-02,
       -4.49363627e-02, 3.70256752e-02, -4.77402844e-02, -5.86919124e-11,
       -2.92503033e-02, 1.14707865e-01, -5.70980103e-11, -1.30345866e-01,
       -6.34273789e-09, -1.83683504e-08, 2.96115292e-08, 1.47458481e-08,
       -2.83470598e-08, -3.05819623e-02, 3.36238557e-08, -2.84431092e-02,
       -4.16310222e-08, -4.10648013e-08, 4.14842560e-09, -6.40780513e-08,
       -1.83555637e-09, 1.94766905e-08, 2.92503033e-02, -5.92047245e-11,
       5.70616922e-11, 1.14707865e-01, -5.02913622e-09, -1.43345192e-01,
       1.16302602e-01, -6.77071959e-02, -8.20985157e-03, 1.29068911e-01,
       -9.29063546e-08, 8.14995542e-02, 3.37605961e-08, 4.22497019e-02,
       8.48407447e-02, -4.45653917e-03, -5.39092766e-03, 4.83303592e-02,
       -2.70973928e-02, 3.63488905e-02, -2.22657137e-02, 1.14707865e-01,
       -1.81012302e-10, -8.35917294e-02, 7.84327742e-03, 6.17478080e-02,
       3.53198685e-02, -9.58874673e-02, 4.17377353e-02, -2.01016255e-02,
       -3.91598716e-02, 8.60416610e-03, -1.05113171e-01, -1.03381298e-01,
       -3.17296237e-02, 6.17947690e-02, 2.26718992e-01, -8.50439146e-02,
       2.22657137e-02, 3.63488905e-02, 1.80984658e-10, 1.14707865e-01,
       -2.50899163e-03, -8.19708705e-02, 5.02029210e-02, -5.25678657e-02,
       6.51943609e-02, 5.92001192e-02, 2.92119440e-02, -8.03340878e-03,
       -2.90727802e-02, 8.07184950e-02, 8.89026746e-02, -1.82256736e-02,
       -4.49364446e-02, 3.70257832e-02, -4.77401391e-02, 4.71401550e-02,
       -2.71984562e-03, 1.14707865e-01, -1.83693269e-10, -6.25010803e-02,
       2.23503634e-02, 7.01009482e-02, 5.74258827e-02, -5.03350347e-02,
       -8.75299890e-03, -1.50301941e-02, 3.23133394e-02, 1.51289208e-02,
       6.67290837e-02, -7.55960196e-02, 1.01767387e-02, 1.86640576e-01,
       2.28765398e-01, 6.30033240e-02, 2.71984562e-03, 4.71401550e-02,
       1.83689883e-10, 1.14707865e-01, -8.18148023e-04, -6.90640062e-02,
       6.90470040e-02, -4.07292582e-02, 1.42011419e-01, 6.18474334e-02,
       1.66156944e-02, 1.79861993e-01, -2.64349356e-02, 3.22657704e-01,
       1.33392483e-01, 1.25173867e-01, 1.39068171e-01, 8.78552441e-03,
       1.20349079e-01, 2.27276571e-02, 2.64338851e-02, 1.14707865e-01,
       -3.44039554e-11, -8.87058154e-02, -1.93533173e-03, 2.01727320e-02,
       5.26365591e-03, -5.99432597e-03, 1.23384800e-02, 1.90496389e-02,
       1.28949434e-02, 3.80084962e-02, 1.09571088e-02, -2.73906961e-02,
       1.42013631e-03, 2.29838863e-02, 4.83993739e-02, -3.13279070e-02,
       -2.64338851e-02, 2.27276571e-02, 3.44367694e-11, 1.14707865e-01,
       1.60162468e-02, -1.02414325e-01, 9.69477743e-02, -2.83184294e-02,
       2.64477804e-02, 1.57421321e-01, 3.24960910e-02, 5.18971905e-02,
       -2.39936286e-03, 7.75757954e-02, 1.31447285e-01, -3.36765274e-02,
       -1.30768225e-01, 8.11822340e-03, -1.75750881e-01, 1.72821227e-02,
       6.99243918e-02, 1.14707865e-01, 7.10981760e-11, -5.85249364e-02,
       -1.15402846e-03, 1.58277471e-02, 2.43874490e-02, -3.28093348e-03,
       -1.55843236e-02, 2.47218832e-02, -1.89169608e-02, 3.94673310e-02,
       -1.46325268e-02, -9.68714058e-03, -1.89479422e-02,
       -5.28521324e-03, 5.54510653e-02, -2.65163369e-02, -6.99243918e-02,
       1.72821227e-02, -7.10113565e-11, 1.14707865e-01, 6.36738306e-03,
       1.76970735e-02, 2.87634600e-02, 3.30763459e-02, -2.33305991e-02,
       1.37053311e-01, 1.31330928e-02, -1.07341744e-01, -4.69469652e-03,
       -1.11395240e-01, 7.12613855e-03, -1.34007379e-01, -2.23059654e-01,
       -5.46296500e-02, -1.84358925e-01, -2.44021993e-02,
       -1.46687878e-02, 1.14707865e-01, 6.37066580e-11, -1.26133755e-01,
       1.38357114e-02, -5.24351336e-02, -1.14172995e-02, 5.91501594e-02,
       -2.26240605e-02, -1.26004154e-02, -1.62218511e-02, 1.54661965e-02,
       3.14113460e-02, 3.04829776e-02, 2.37034075e-02, -6.44889101e-02,
       -1.45113066e-01, 1.31673329e-02, 1.46687878e-02, -2.44021993e-02,
       -6.37248726e-11, 1.14707865e-01, 3.95337399e-03, -1.45029232e-01,
       1.09285250e-01, -5.98613918e-02, -6.37148414e-03, 1.49281219e-01,
       -2.32592672e-02, 6.68780506e-02, 1.75749082e-02, 3.45668867e-02,
       1.36594743e-01, -5.67883141e-02, -2.57411897e-02, 9.21001881e-02,
       -9.45214108e-02, 2.44021993e-02, -1.46687878e-02, 1.14707865e-01,
       -1.20975036e-10, -1.26133934e-01, -1.38357477e-02, 5.24351373e-02,
       1.14173517e-02, -5.91501892e-02, 2.26240028e-02, -1.26004294e-02,
       1.62218791e-02, 1.54662663e-02, -3.14113833e-02, -3.04830987e-02,
       -2.37034895e-02, 6.44892305e-02, 1.45112917e-01, -1.31672136e-02,
       1.46687878e-02, 2.44021993e-02, 1.20956828e-10, 1.14707865e-01,
       -3.95336188e-03, -1.45029351e-01, 1.09285280e-01, -5.98613769e-02,
       -6.37142872e-03, 1.49281174e-01, 2.32587047e-02, 6.68782592e-02,
       -1.75748914e-02, 3.45667824e-02, 1.36594653e-01, -5.67885414e-02,
       -2.57409383e-02, 9.20998231e-02, -9.45215076e-02, -6.00659996e-02,
       -7.66886845e-02, 1.14707865e-01, 7.75969011e-11, -1.42990574e-02,
       -1.38877714e-02, -1.34447485e-01, -2.15725899e-02, 1.10814661e-01,
       -1.71705455e-01, -8.39676037e-02, -1.57367960e-01,
       -7.19824508e-02, 1.27504289e-01, 1.80471927e-01, -1.71380028e-01,
       -5.33433184e-02, 6.22089021e-02, -5.63345216e-02, 7.66886845e-02,
       -6.00659996e-02, -7.76921097e-11, 1.14707865e-01, -4.34734393e-03,
       -4.64837253e-03, -1.08525217e-01, -3.41468826e-02, 1.30749643e-01,
       -1.31077290e-01, -4.68196832e-02, -1.23160571e-01, 3.02469265e-02,
       6.85664192e-02, -4.40050066e-02, 4.00919691e-02, -4.65677604e-02,
       9.72856730e-02, -4.97483872e-02, -3.69803421e-02, -6.02175519e-02,
       1.14707865e-01, 2.23904610e-11, -8.48097280e-02, -1.76036730e-02,
       -5.31818010e-02, -2.40406357e-02, 6.97203875e-02, -7.88245127e-02,
       -6.49633184e-02, -7.06835836e-02, -7.04895332e-02, 4.01719101e-02,
       9.67093483e-02, -9.02184844e-02, -1.06497873e-02, 1.73226036e-02,
       3.71731143e-03, 6.02175519e-02, -3.69803421e-02, -2.24652172e-11,
       1.14707865e-01, -1.78457866e-03, -1.16741560e-01, -3.88410315e-03,
       -1.47361353e-01, 1.39569625e-01, -4.10622545e-02, -2.81661674e-02,
       -8.31962451e-02, 2.60236748e-02, -1.13983534e-01, -9.20181870e-02,
       6.86662868e-02, -2.08329242e-02, -2.71890610e-02, 1.03870898e-01,
       -1.38121666e-02, -5.44552803e-02, 1.14707865e-01, -5.40324487e-11,
       -1.13160282e-01, -1.84272038e-04, -1.37521913e-02, 5.02322149e-03,
       1.23174274e-02, -1.50343953e-02, -4.34761010e-02, -1.71122362e-03,
       -6.49487898e-02, 3.11361346e-02, 4.19555642e-02, -2.63246782e-02,
       2.48389784e-03, 2.52475380e-03, -3.71762575e-03, 5.44552803e-02,
       -1.38121666e-02, 5.39648499e-11, 1.14707865e-01, -2.33405782e-03,
       -1.58391595e-01, 4.46347483e-02, -1.82464227e-01, 1.10948481e-01,
       2.04427987e-02, -7.73087610e-03, -3.68959643e-02, 3.78786144e-03,
       -1.46100909e-01, -9.27599818e-02, 9.21225473e-02, 2.53711753e-02,
       -4.04148065e-02, 1.66986436e-01, -4.54087878e-11, -5.68554215e-02,
       1.14707865e-01, -1.10984541e-10, -1.22868128e-01, -1.25658275e-08,
       -1.58537254e-08, 2.03306492e-08, 2.36053523e-08, -8.18545232e-08,
       -5.16671948e-02, 9.06299604e-08, -6.45269454e-02, -6.19627105e-09,
       -6.26263130e-09, -5.67310554e-09, -1.34501814e-08,
       -2.38540885e-08, -1.03106110e-08, 5.68554215e-02, -4.64055634e-11,
       1.10913952e-10, 1.14707865e-01, 1.62542459e-08, -1.63645953e-01,
       3.84127833e-02, -1.85136467e-01, 8.55754465e-02, 3.26662585e-02,
       -1.20240884e-07, -7.13225678e-02, -9.38937319e-08,
       -2.14525491e-01, -9.70638618e-02, 7.26870596e-02, -1.02401804e-02,
       -1.59844831e-02, 1.21270157e-01, 1.38121666e-02, -5.44552803e-02,
       1.14707865e-01, -1.58566243e-10, -1.13160335e-01, 1.84232093e-04,
       1.37521792e-02, -5.02316235e-03, -1.23174367e-02, 1.50342621e-02,
       -4.34761606e-02, 1.71137741e-03, -6.49488047e-02, -3.11361235e-02,
       -4.19556610e-02, 2.63246335e-02, -2.48384010e-03, -2.52479012e-03,
       3.71760479e-03, 5.44552803e-02, 1.38121666e-02, 1.58498631e-10,
       1.14707865e-01, 2.33407435e-03, -1.58391550e-01, 4.46348339e-02,
       -1.82464346e-01, 1.10948578e-01, 2.04428751e-02, 7.73073034e-03,
       -3.68958451e-02, -3.78781487e-03, -1.46100700e-01,
       -9.27599221e-02, 9.21223313e-02, 2.53713466e-02, -4.04147319e-02,
       1.66986287e-01, 3.69803421e-02, -6.02175519e-02, 1.14707865e-01,
       -2.57485616e-10, -8.48096982e-02, 1.76036451e-02, 5.31817786e-02,
       2.40407009e-02, -6.97204918e-02, 7.88244307e-02, -6.49635717e-02,
       7.06837922e-02, -7.04895407e-02, -4.01719622e-02, -9.67092663e-02,
       9.02183577e-02, 1.06497798e-02, -1.73225533e-02, -3.71725671e-03,
       6.02175519e-02, 3.69803421e-02, 2.57410870e-10, 1.14707865e-01,
       1.78459799e-03, -1.16741583e-01, -3.88410268e-03, -1.47361264e-01,
       1.39569581e-01, -4.10621315e-02, 2.81661786e-02, -8.31960440e-02,
       -2.60237660e-02, -1.13983430e-01, -9.20182168e-02, 6.86660558e-02,
       -2.08326634e-02, -2.71892380e-02, 1.03870921e-01, 6.00659996e-02,
       -7.66886845e-02, 1.14707865e-01, -3.76996961e-10, -1.42990509e-02,
       1.38877705e-02, 1.34447411e-01, 2.15725657e-02, -1.10814929e-01,
       1.71705157e-01, -8.39680061e-02, 1.57367930e-01, -7.19822794e-02,
       -1.27504289e-01, -1.80472076e-01, 1.71380043e-01, 5.33433631e-02,
       -6.22088835e-02, 5.63343465e-02, 7.66886845e-02, 6.00659996e-02,
       3.76901760e-10, 1.14707865e-01, 4.34734859e-03, -4.64837532e-03,
       -1.08525194e-01, -3.41468677e-02, 1.30749747e-01, -1.31077036e-01,
       4.68199030e-02, -1.23160422e-01, -3.02471966e-02, 6.85663074e-02,
       -4.40050587e-02, 4.00919132e-02, -4.65678424e-02, 9.72858071e-02,
       -4.97483276e-02, 4.53882292e-02, -9.44270566e-02, 1.14707865e-01,
       -3.56080693e-10, -4.24705930e-02, 1.09862036e-03, 7.37937838e-02,
       7.15271607e-02, -1.59406066e-01, 1.23486169e-01, -5.95352389e-02,
       7.37455711e-02, -9.27422792e-02, -6.60802424e-02, -8.95101875e-02,
       1.08108155e-01, 1.75574347e-02, -2.10739803e-02, 2.13481896e-02,
       9.44270566e-02, 4.53882292e-02, 3.55963481e-10, 1.14707865e-01,
       5.24461782e-03, -5.07308729e-02, -1.06381215e-01, 9.98751223e-02,
       -7.92125314e-02, -7.89754093e-02, 2.67667994e-02, -1.06945910e-01,
       -2.39101015e-02, 9.82583016e-02, 3.52580566e-03, 7.20460117e-02,
       -3.81139740e-02, 4.75044735e-02, -3.93486768e-03, 2.44972575e-02,
       -1.03595361e-01, 1.14707865e-01, -2.94923697e-10, -7.37965852e-02,
       -6.44277083e-03, 3.62634771e-02, 4.49600518e-02, -9.20596346e-02,
       5.66211306e-02, -5.07059097e-02, 1.97445322e-02, -1.04220659e-01,
       -3.75934429e-02, -3.66078913e-02, 5.17795086e-02, -1.52825620e-02,
       -1.35311633e-02, 1.56270955e-02, 1.03595361e-01, 2.44972575e-02,
       2.94795105e-10, 1.14707865e-01, 2.18094559e-03, -1.01769112e-01,
       -1.05445378e-01, 1.96586713e-01, -2.29594082e-01, -4.77041230e-02,
       1.29207699e-02, -1.28322110e-01, -1.36721851e-02, 8.13261345e-02,
       5.37030734e-02, 6.09022081e-02, -5.33379093e-02, 2.94467509e-02,
       1.95754394e-02, -2.07527051e-11, -1.06034227e-01, 1.14707865e-01,
       -2.06983944e-10, -9.89501923e-02, -2.01708055e-08,
       -2.56037627e-08, 4.74079442e-08, 1.62373404e-08, -1.21391210e-07,
       -6.06440492e-02, 1.45537484e-07, -1.01514168e-01, -5.96117005e-08,
       -1.00647611e-07, -5.93961076e-08, 5.85035735e-08, -9.12776343e-09,
       -7.31073158e-08, 1.06034227e-01, -2.26116782e-11, 2.06852299e-10,
       1.14707865e-01, 6.21658502e-09, -1.20452620e-01, -1.03438854e-01,
       2.25303337e-01, -2.59726256e-01, -3.76288854e-02, 3.72870304e-08,
       -1.30538702e-01, -2.03422530e-07, 8.20095241e-02, 7.67704546e-02,
       5.74260093e-02, -6.66261315e-02, 8.99761450e-03, 4.40052338e-02,
       -2.44972575e-02, -1.03595361e-01, 1.14707865e-01, -1.09522613e-10,
       -7.37965405e-02, 6.44275267e-03, -3.62635292e-02, -4.49599996e-02,
       9.20596197e-02, -5.66213615e-02, -5.07057235e-02, -1.97443124e-02,
       -1.04220748e-01, 3.75933908e-02, 3.66080552e-02, -5.17794415e-02,
       1.52825518e-02, 1.35311456e-02, -1.56270843e-02, 1.03595361e-01,
       -2.44972575e-02, 1.09393987e-10, 1.14707865e-01, -2.18095072e-03,
       -1.01769097e-01, -1.05445191e-01, 1.96586952e-01, -2.29594037e-01,
       -4.77041677e-02, -1.29204942e-02, -1.28322005e-01, 1.36719160e-02,
       8.13260078e-02, 5.37032001e-02, 6.09023049e-02, -5.33380024e-02,
       2.94467844e-02, 1.95755474e-02, -4.53882292e-02, -9.44270566e-02,
       1.14707865e-01, -1.25716902e-11, -4.24705558e-02, -1.09862082e-03,
       -7.37937614e-02, -7.15270936e-02, 1.59406319e-01, -1.23486280e-01,
       -5.95349558e-02, -7.37453029e-02, -9.27422643e-02, 6.60801604e-02,
       8.95101801e-02, -1.08107790e-01, -1.75572224e-02, 2.10739188e-02,
       -2.13484224e-02, 9.44270566e-02, -4.53882292e-02, 1.24544619e-11,
       1.14707865e-01, -5.24459966e-03, -5.07308729e-02, -1.06381238e-01,
       9.98751819e-02, -7.92124197e-02, -7.89754838e-02, -2.67665144e-02,
       -1.06945895e-01, 2.39098351e-02, 9.82583538e-02, 3.52589320e-03,
       7.20460638e-02, -3.81141156e-02, 4.75046113e-02, -3.93480761e-03,
       -2.76669823e-02, -8.33053738e-02, 1.14707865e-01, -5.79209493e-11,
       -7.50697851e-02, -4.88485675e-03, -5.18176407e-02,
       -1.45049235e-02, 7.42613971e-02, -8.89561102e-02, -4.26871143e-02,
       -5.30040897e-02, -8.00381824e-02, 8.65361094e-02, 6.30761385e-02,
       -6.52515590e-02, 5.03114145e-03, 7.76728988e-03, -1.76903233e-02,
       8.33053738e-02, -2.76669823e-02, 5.78175285e-11, 1.14707865e-01,
       -2.71856482e-03, -8.00409839e-02, -9.42089334e-02, 7.69709051e-02,
       -1.24212936e-01, 1.91260967e-02, -1.09435804e-02, -1.53104833e-03,
       2.93401368e-02, 5.41939028e-02, 2.15794630e-02, 1.30021602e-01,
       -4.89070751e-02, -8.55683759e-02, 9.96099412e-02, -3.24761017e-11,
       -8.70519876e-02, 1.14707865e-01, -1.69929695e-10, -9.74183977e-02,
       -1.47954573e-08, -1.98402645e-08, 3.65156119e-08, 4.29060485e-08,
       -8.93293119e-08, -5.67837879e-02, 1.54227678e-07, -8.46600160e-02,
       -4.67336712e-08, -2.29402168e-08, 3.30093357e-08, -5.19602139e-08,
       1.27777060e-08, 3.21265752e-08, 8.70519876e-02, -3.40022802e-11,
       1.69821629e-10, 1.14707865e-01, -4.96687913e-10, -1.01368397e-01,
       -8.98414031e-02, 1.00249350e-01, -1.66878924e-01, 2.85421014e-02,
       7.09428036e-08, 9.67575144e-03, 1.12989076e-08, 2.91549452e-02,
       4.09584045e-02, 1.12468094e-01, -3.78496833e-02, -9.81591344e-02,
       1.30730942e-01, 2.76669823e-02, -8.33053738e-02, 1.14707865e-01,
       -2.67311284e-10, -7.50697628e-02, 4.88485070e-03, 5.18176369e-02,
       1.45049477e-02, -7.42613524e-02, 8.89562443e-02, -4.26872857e-02,
       5.30042611e-02, -8.00380409e-02, -8.65362212e-02, -6.30760267e-02,
       6.52514845e-02, -5.03101619e-03, -7.76732853e-03, 1.76902879e-02,
       8.33053738e-02, 2.76669823e-02, 2.67207895e-10, 1.14707865e-01,
       2.71857413e-03, -8.00409466e-02, -9.42088962e-02, 7.69708231e-02,
       -1.24213018e-01, 1.91261433e-02, 1.09435078e-02, -1.53115077e-03,
       -2.93402188e-02, 5.41939028e-02, 2.15795059e-02, 1.30021647e-01,
       -4.89069447e-02, -8.55683461e-02, 9.96097103e-02, 2.75819190e-02,
       -7.12940767e-02, 1.14707865e-01, -2.43542769e-10, -7.99273252e-02,
       8.95811059e-03, 5.03049307e-02, 9.23326612e-03, -6.55342788e-02,
       8.44582394e-02, -4.74351048e-02, 5.19877262e-02, -7.88341090e-02,
       -8.65562707e-02, -6.67361617e-02, 6.73868507e-02, -3.29772104e-03,
       -4.91358293e-03, 1.39125139e-02, 7.12940767e-02, 2.75819190e-02,
       2.43454257e-10, 1.14707865e-01, 8.39793007e-04, -1.10665202e-01,
       -5.96486870e-03, -6.36604503e-02, 1.07989587e-01, -5.91904819e-02,
       2.80563496e-02, -1.46719277e-01, -1.67774111e-02, -8.79895911e-02,
       -9.05841812e-02, -1.53404223e-02, -3.47858779e-02, 1.08941637e-01,
       -1.41445349e-03, -2.66506869e-11, -7.14995787e-02, 1.14707865e-01,
       -1.39570647e-10, -1.05011187e-01, -1.12561747e-08,
       -1.46070063e-08, 1.35204736e-08, 1.08482689e-08, -8.94461607e-08,
       -4.84439172e-02, 1.14632371e-07, -8.08007270e-02, -1.37518636e-08,
       -1.68097678e-08, 7.55982565e-09, 4.88882428e-08, 2.31555521e-08,
       -1.98974881e-08, 7.14995787e-02, -2.79042033e-11, 1.39481870e-10,
       1.14707865e-01, 1.13696093e-08, -1.31797045e-01, 1.29723279e-02,
       -7.38977939e-02, 7.41681233e-02, -2.70168521e-02, -1.89903133e-08,
       -1.08202815e-01, -7.36270209e-08, -1.03989758e-01,
       -9.28450525e-02, -2.27654204e-02, -5.50565915e-03, 9.92273241e-02,
       3.51582840e-02, -2.75819190e-02, -7.12940767e-02, 1.14707865e-01,
       -3.47962076e-11, -7.99273252e-02, -8.95811897e-03,
       -5.03049307e-02, -9.23325494e-03, 6.55342937e-02, -8.44584182e-02,
       -4.74350378e-02, -5.19875772e-02, -7.88341910e-02, 8.65563229e-02,
       6.67362660e-02, -6.73867837e-02, 3.29766539e-03, 4.91355266e-03,
       -1.39123360e-02, 7.12940767e-02, -2.75819190e-02, 3.47076951e-11,
       1.14707865e-01, -8.39790213e-04, -1.10665143e-01, -5.96488919e-03,
       -6.36604875e-02, 1.07989527e-01, -5.91905043e-02, -2.80563049e-02,
       -1.46719113e-01, 1.67772844e-02, -8.79896134e-02, -9.05841067e-02,
       -1.53401876e-02, -3.47861685e-02, 1.08941637e-01, -1.41432974e-03,
       -2.72504311e-11, -7.89345279e-02, 1.14707865e-01, -1.54084023e-10,
       -9.94632840e-02, -2.81256014e-08, -1.33632350e-08, 5.87889062e-08,
       2.70005103e-08, -1.24077317e-07, -5.52414656e-02, 1.67672965e-07,
       -8.07139874e-02, -6.30816714e-08, -1.08239327e-07,
       -7.65330697e-08, 6.30928625e-08, -5.41779990e-08, -2.19380336e-08,
       7.89345279e-02, -2.86342963e-11, 1.53986018e-10, 1.14707865e-01,
       1.15625500e-08, -1.10064156e-01, -3.42432261e-02, 1.31330173e-02,
       -3.22446302e-02, -8.38454720e-03, 1.70728836e-08, -4.43839245e-02,
       -3.51920626e-08, -4.19951193e-02, -3.58753689e-02, 4.20114323e-02,
       -9.09892749e-03, 4.86864336e-03, 4.84032854e-02, -7.06276426e-11,
       1.56753304e-04, 1.14707865e-01, 3.05988606e-13, -1.77327365e-01,
       -3.05501651e-08, -3.39214417e-08, 6.43502531e-08, 4.25534346e-08,
       -1.71018968e-08, -5.53682272e-04, 1.18506968e-07, 1.33909043e-02,
       -4.47735289e-08, -1.85969270e-07, -6.76805882e-08, 2.19087326e-08,
       3.02107104e-08, -2.05387582e-10, -1.56753304e-04, -7.06248948e-11,
       -3.05795699e-13, 1.14707865e-01, -1.31424009e-08, -2.09013939e-01,
       1.72604129e-01, -8.04784521e-02, -7.86492527e-02, 1.86256528e-01,
       -1.70944830e-07, 1.14889190e-01, 2.00106669e-07, 3.87014821e-03,
       1.93515494e-01, -1.09789573e-01, 2.04463652e-03, 1.45792037e-01,
       -1.06931329e-01, -8.45600814e-02, 7.49126524e-02, 1.14707865e-01,
       4.66218564e-10, 8.26173369e-03, -8.45180359e-03, -9.33141112e-02,
       -5.70425391e-02, -4.14292365e-02, 5.55270687e-02, 2.39477623e-02,
       -6.16759397e-02, 7.72374570e-02, -7.84602836e-02, 1.05860882e-01,
       7.27827176e-02, 1.02492459e-01, -7.50289240e-04, -2.85937320e-02,
       -7.49126524e-02, -8.45600814e-02, -4.66125638e-10, 1.14707865e-01,
       8.74502398e-03, 8.39139000e-02, 2.79614143e-02, 8.80358443e-02,
       3.55545357e-02, 4.18071672e-02, -7.96567947e-02, -5.81096634e-02,
       1.10960677e-01, -5.28615490e-02, 1.67886505e-03, -3.93735655e-02,
       7.47480169e-02, 1.07623078e-02, 7.24383444e-02, -5.82574531e-02,
       7.46725947e-02, 1.14707865e-01, 3.66217695e-10, -1.04931626e-03,
       -1.06314523e-02, -6.91617280e-02, -4.87267487e-02,
       -3.11305262e-02, 5.11424504e-02, 2.25622877e-02, -4.08874117e-02,
       7.93241188e-02, -3.59852016e-02, 9.66851562e-02, 5.32116219e-02,
       6.29604384e-02, -8.29506665e-02, -8.88164435e-03, -7.46725947e-02,
       -5.82574531e-02, -3.66124991e-10, 1.14707865e-01, 4.81430814e-03,
       6.88429698e-02, 4.11627144e-02, 8.66967961e-02, 2.99975686e-02,
       5.71939200e-02, -5.79064265e-02, -5.91106899e-02, 8.80640149e-02,
       -3.43355164e-02, 8.56969971e-03, -4.82260548e-02, 6.24639317e-02,
       1.30864587e-02, 6.54966459e-02, -5.81905693e-02, 6.33478388e-02,
       1.14707865e-01, 3.43858109e-10, 1.17519300e-03, -7.06327334e-03,
       -7.08408877e-02, -4.88558002e-02, -2.93055084e-02, 4.58292738e-02,
       1.49438297e-02, -3.70344743e-02, 7.70055726e-02, -3.53040099e-02,
       9.68850851e-02, 5.30212224e-02, 7.57994354e-02, -8.52398574e-02,
       2.94845877e-03, -6.33478388e-02, -5.81905693e-02, -3.43779477e-10,
       1.14707865e-01, 1.83086575e-03, 6.94727600e-02, 4.12285551e-02,
       8.97471532e-02, 5.69758080e-02, 5.30248210e-02, -6.10874631e-02,
       -4.72977199e-02, 8.76537710e-02, 1.63267925e-02, -4.46475344e-03,
       -4.09299508e-02, 2.26579118e-03, -2.52185035e-02, 5.38815707e-02,
       -8.45047981e-02, 6.35972768e-02, 1.14707865e-01, 4.43921205e-10,
       1.02187162e-02, -4.93021589e-03, -9.50437188e-02, -5.80768660e-02,
       -3.95295210e-02, 4.99371402e-02, 1.64381657e-02, -5.82845062e-02,
       7.53874630e-02, -7.75158405e-02, 1.06155641e-01, 7.35449344e-02,
       1.14400983e-01, -3.15874605e-03, -1.55905299e-02, -6.35972768e-02,
       -8.45047981e-02, -4.43842241e-10, 1.14707865e-01, 5.73617872e-03,
       8.46707299e-02, 2.80492529e-02, 9.11214873e-02, 6.19396642e-02,
       3.77314389e-02, -8.17406476e-02, -4.76710796e-02, 1.10032566e-01,
       -8.42933718e-04, -1.18623795e-02, -3.34851630e-02, 1.37782050e-02,
       -2.64178440e-02, 6.13690913e-02, 8.45600814e-02, 7.49126524e-02,
       1.14707865e-01, -1.73752346e-10, 8.26172344e-03, 8.45180266e-03,
       9.33140665e-02, 5.70424907e-02, 4.14291881e-02, -5.55269942e-02,
       2.39479486e-02, 6.16758429e-02, 7.72374198e-02, 7.84604400e-02,
       -1.05860874e-01, -7.27827996e-02, -1.02492638e-01, 7.50387087e-04,
       2.85938848e-02, -7.49126524e-02, 8.45600814e-02, 1.73845355e-10,
       1.14707865e-01, -8.74502957e-03, 8.39139521e-02, 2.79613566e-02,
       8.80358517e-02, 3.55545171e-02, 4.18074727e-02, 7.96566755e-02,
       -5.81096299e-02, -1.10960722e-01, -5.28615639e-02, 1.67880207e-03,
       -3.93735170e-02, 7.47480020e-02, 1.07624037e-02, 7.24382177e-02,
       5.82574531e-02, 7.46725947e-02, 1.14707865e-01, -7.46886442e-11,
       -1.04931870e-03, 1.06314486e-02, 6.91617057e-02, 4.87267822e-02,
       3.11304983e-02, -5.11422977e-02, 2.25624591e-02, 4.08872366e-02,
       7.93240368e-02, 3.59852873e-02, -9.66850445e-02, -5.32115847e-02,
       -6.29605576e-02, 8.29507709e-02, 8.88164993e-03, -7.46725947e-02,
       5.82574531e-02, 7.47813547e-11, 1.14707865e-01, -4.81431605e-03,
       6.88429922e-02, 4.11627069e-02, 8.66968185e-02, 2.99975406e-02,
       5.71940728e-02, 5.79061396e-02, -5.91107719e-02, -8.80640373e-02,
       -3.43355909e-02, 8.56958330e-03, -4.82260175e-02, 6.24640174e-02,
       1.30863842e-02, 6.54966980e-02, 5.81905693e-02, 6.33478388e-02,
       1.14707865e-01, -9.65420244e-11, 1.17519207e-03, 7.06327567e-03,
       7.08408654e-02, 4.88557592e-02, 2.93054804e-02, -4.58291993e-02,
       1.49440719e-02, 3.70343551e-02, 7.70054460e-02, 3.53042111e-02,
       -9.68852192e-02, -5.30213155e-02, -7.57996067e-02, 8.52399394e-02,
       -2.94825458e-03, -6.33478388e-02, 5.81905693e-02, 9.66206629e-11,
       1.14707865e-01, -1.83086400e-03, 6.94727302e-02, 4.12286036e-02,
       8.97471979e-02, 5.69758750e-02, 5.30250445e-02, 6.10872470e-02,
       -4.72977497e-02, -8.76538232e-02, 1.63267758e-02, -4.46484238e-03,
       -4.09300551e-02, 2.26596696e-03, -2.52186581e-02, 5.38816638e-02,
       8.45047981e-02, 6.35972768e-02, 1.14707865e-01, -1.95631303e-10,
       1.02187162e-02, 4.93021775e-03, 9.50436965e-02, 5.80768995e-02,
       3.95295732e-02, -4.99370880e-02, 1.64384246e-02, 5.82843050e-02,
       7.53875971e-02, 7.75157288e-02, -1.06155708e-01, -7.35448003e-02,
       -1.14401065e-01, 3.15875816e-03, 1.55904619e-02, -6.35972768e-02,
       8.45047981e-02, 1.95710267e-10, 1.14707865e-01, -5.73618291e-03,
       8.46707523e-02, 2.80492418e-02, 9.11216065e-02, 6.19397089e-02,
       3.77316065e-02, 8.17404538e-02, -4.76709828e-02, -1.10032566e-01,
       -8.42992857e-04, -1.18624046e-02, -3.34851556e-02, 1.37782898e-02,
       -2.64178645e-02, 6.13690019e-02 ]
ParamVarience: !!opencv-matrix
   rows: 19
   cols: 1
   dt: f
   data: [ -1., -1., -1., -1., 3.32590868e-03, 2.64593260e-03,
       7.71666877e-04, 6.17023266e-04, 3.65947431e-04, 2.46327458e-04,
       2.34877094e-04, 1.89605096e-04, 1.49851490e-04, 1.24672224e-04,
       1.21899779e-04, 1.01728852e-04, 8.34858874e-05, 7.34628338e-05,
       6.91026289e-05 ]
