%YAML:1.0
Combiner: !!opencv-matrix
   rows: 136
   cols: 20
   dt: f
   data: [ -1.62878528e-01, 8.24373364e-02, 1.21267810e-01,
       -2.01995332e-09, 2.66234338e-01, 2.74188370e-02, 1.85942978e-01,
       -1.14430301e-02, -1.40045835e-02, 1.17063634e-01, 1.46489218e-02,
       -1.13629639e-01, 6.34029359e-02, 1.67107716e-01, 1.63723249e-02,
       1.11196190e-02, 9.33445841e-02, -2.89855804e-02, -2.71508135e-02,
       4.94007617e-02, -8.24373364e-02, -1.62878528e-01, 2.02000927e-09,
       1.21267810e-01, 4.35784236e-02, 2.73050964e-01, -3.71139832e-02,
       5.81434369e-02, -9.29933637e-02, 5.85396886e-02, -2.39796983e-03,
       1.20131791e-01, 1.04791209e-01, 2.03508645e-01, 1.64825112e-01,
       3.29192996e-01, -1.31768405e-01, -1.33876473e-01, 9.92094204e-02,
       -6.40298799e-02, -1.61718145e-01, 3.94547433e-02, 1.21267810e-01,
       -1.97900341e-09, 2.52460063e-01, 1.83663983e-02, 1.59503236e-01,
       -6.53775968e-03, -6.16212822e-02, 1.26602396e-01, 2.44741701e-02,
       -1.42099559e-01, 4.31077257e-02, 1.22221254e-01, 2.11820714e-02,
       3.95291261e-02, 7.96380565e-02, -1.41508244e-02, 2.69158874e-02,
       -1.94909982e-02, -3.94547433e-02, -1.61718145e-01, 1.97903005e-09,
       1.21267810e-01, 4.61485656e-03, 2.40918994e-01, -3.75015363e-02,
       5.70762791e-02, -9.15204287e-02, 6.70220330e-02, -7.29824528e-02,
       1.14612631e-01, 9.73272100e-02, 7.05687255e-02, 1.18006893e-01,
       2.87289023e-01, -9.64208320e-02, -7.76906535e-02, 5.55820912e-02,
       -2.67808922e-02, -1.56825706e-01, -3.14604188e-03, 1.21267810e-01,
       -1.89319271e-09, 2.44111165e-01, 2.62444606e-03, 1.48898154e-01,
       1.19007230e-02, -1.06009774e-01, 1.40465319e-01, 2.21828464e-02,
       -1.53458208e-01, 2.81502400e-02, 6.31271079e-02, 2.78544966e-02,
       4.49828021e-02, 9.18520987e-02, -1.35389613e-02, 6.27800152e-02,
       -6.90427274e-02, 3.14604188e-03, -1.56825706e-01, 1.89319049e-09,
       1.21267810e-01, -3.17081772e-02, 2.14633375e-01, -2.48498283e-02,
       5.84106781e-02, -6.65534884e-02, 6.61702529e-02, -1.54770523e-01,
       1.16839059e-01, 8.80080536e-02, -5.45909628e-02, 5.65443896e-02,
       2.26736829e-01, -4.96472716e-02, -1.61426105e-02, -1.33469766e-02,
       3.30610573e-02, -1.47560656e-01, -4.46347333e-02, 1.21267810e-01,
       -1.75523773e-09, 2.33755365e-01, -1.22511704e-02, 1.55112237e-01,
       3.29065286e-02, -1.30255669e-01, 1.33739427e-01, -3.62959504e-03,
       -9.83782336e-02, 8.11561383e-03, -2.77943201e-02, 1.83223616e-02,
       3.81334499e-02, 8.15033391e-02, -8.12287442e-04, 6.00870401e-02,
       -6.67768717e-02, 4.46347333e-02, -1.47560656e-01, 1.75520731e-09,
       1.21267810e-01, -6.08475395e-02, 1.97183788e-01, -1.30964424e-02,
       4.91870046e-02, -3.10167037e-02, 6.14849813e-02, -2.16250524e-01,
       1.06325842e-01, 7.21984431e-02, -1.31413758e-01, 3.52408970e-03,
       1.40718818e-01, 2.18539592e-03, 4.03180644e-02, -7.36916363e-02,
       7.66351223e-02, -1.30438060e-01, -8.30122158e-02, 1.21267810e-01,
       -1.52427704e-09, 1.99365079e-01, -2.91746557e-02, 1.54647291e-01,
       3.71784456e-02, -1.45156831e-01, 1.17777005e-01, -6.33729771e-02,
       1.01675908e-03, -3.34869809e-02, -1.56003162e-01, -1.59447920e-02,
       1.60647873e-02, 3.42535898e-02, 5.13477065e-02, 5.62733039e-03,
       -4.98723686e-02, 8.30122158e-02, -1.30438060e-01, 1.52422075e-09,
       1.21267810e-01, -7.44833648e-02, 1.81182817e-01, 3.59008997e-03,
       3.08926869e-02, 1.59851573e-02, 5.53738512e-02, -2.32158482e-01,
       4.96110432e-02, 5.82164228e-02, -1.48987889e-01, -3.48661095e-02,
       3.68727408e-02, 6.57500401e-02, 5.96286803e-02, -7.94465169e-02,
       9.71711203e-02, -1.04360320e-01, -1.15976483e-01, 1.21267810e-01,
       -1.18848920e-09, 1.44467384e-01, -4.01607566e-02, 1.24498963e-01,
       2.92087384e-02, -1.41573131e-01, 8.81924033e-02, -1.22097015e-01,
       8.89184400e-02, -1.01483420e-01, -2.42702976e-01, -6.19925410e-02,
       -4.31095324e-02, -1.86648909e-02, 1.03139251e-01, -6.08863719e-02,
       -4.40014526e-02, 1.15976483e-01, -1.04360320e-01, 1.18841037e-09,
       1.21267810e-01, -6.98364675e-02, 1.59541324e-01, 4.50956561e-02,
       2.13104510e-03, 6.83396161e-02, 5.22965826e-02, -2.13347286e-01,
       -2.65631862e-02, 5.73761053e-02, -1.21095814e-01, -6.16157986e-02,
       -7.00148270e-02, 1.18136294e-01, 3.13991718e-02, -3.40281501e-02,
       9.40053836e-02, -7.26260766e-02, -1.43226579e-01, 1.21267810e-01,
       -7.87924781e-10, 8.05517286e-02, -3.26475091e-02, 6.83354810e-02,
       2.83036139e-02, -1.14206016e-01, 4.15321365e-02, -1.42583728e-01,
       1.15816347e-01, -1.54052883e-01, -2.42329448e-01, -7.30007067e-02,
       -1.25490665e-01, -4.58431356e-02, 1.03348956e-01, -1.04634613e-01,
       -5.38442731e-02, 1.43226579e-01, -7.26260766e-02, 7.87827470e-10,
       1.21267810e-01, -5.03233224e-02, 1.25663891e-01, 1.10227972e-01,
       -4.39585671e-02, 1.20297208e-01, 5.10640256e-02, -1.69739202e-01,
       -9.50705931e-02, 5.60235009e-02, -8.24581385e-02, -8.90629068e-02,
       -1.31791458e-01, 1.34887531e-01, -8.75722151e-03, 4.15476784e-02,
       7.75707141e-02, -3.82955745e-02, -1.65024579e-01, 1.21267810e-01,
       -3.59401370e-10, 1.93961356e-02, -1.72662549e-02, 2.50323955e-02,
       2.37524342e-02, -6.32904395e-02, 1.10312551e-02, -1.49068877e-01,
       7.99923837e-02, -1.74956337e-01, -1.48351237e-01, -4.75100614e-02,
       -2.16192633e-01, -2.61620786e-02, 6.03845902e-02, -7.27669671e-02,
       -5.88669889e-02, 1.65024579e-01, -3.82955745e-02, 3.59289237e-10,
       1.21267810e-01, -2.18445752e-02, 8.51642042e-02, 1.57276377e-01,
       -9.95804369e-02, 1.60427779e-01, 3.95379737e-02, -7.86524937e-02,
       -1.23442158e-01, 3.17573100e-02, -4.15143035e-02, -1.22032188e-01,
       -9.99108553e-02, 8.25839862e-02, -5.87047152e-02, 1.27596349e-01,
       4.51618619e-02, 3.08508386e-10, -1.71553284e-01, 1.21267810e-01,
       1.07472350e-10, -2.89169722e-03, -7.81547715e-10, -2.80135870e-09,
       2.25161800e-09, 1.14714389e-08, -3.96878974e-08, -1.44941926e-01,
       -2.16303846e-07, -1.78006142e-01, 1.01428398e-07, 4.51778305e-07,
       -2.45617166e-01, -3.05757837e-08, 1.91288109e-07, -2.57655699e-07,
       -5.46784662e-02, 1.71553284e-01, 3.05230036e-10, -1.07588917e-10,
       1.21267810e-01, 4.04630274e-10, 7.42922053e-02, 1.68845102e-01,
       -1.22199200e-01, 1.71382815e-01, 2.48196758e-02, 4.47124471e-08,
       -1.30125001e-01, 1.15935677e-07, -1.83590055e-02, -1.40556052e-01,
       -2.49978228e-07, 6.16660453e-02, -9.03313309e-02, 1.61557153e-01,
       -3.59493612e-07, 3.82955782e-02, -1.65024579e-01, 1.21267810e-01,
       5.66166058e-10, 1.93961207e-02, 1.72662716e-02, -2.50323843e-02,
       -2.37524118e-02, 6.32905513e-02, -1.10313706e-02, -1.49068683e-01,
       -7.99927413e-02, -1.74956262e-01, 1.48351207e-01, 4.75106947e-02,
       -2.16192931e-01, 2.61620507e-02, -6.03842363e-02, 7.27665350e-02,
       -5.88663705e-02, 1.65024579e-01, 3.82955782e-02, -5.66278191e-10,
       1.21267810e-01, 2.18445864e-02, 8.51642638e-02, 1.57276288e-01,
       -9.95804667e-02, 1.60427764e-01, 3.95380072e-02, 7.86526203e-02,
       -1.23442307e-01, -3.17569673e-02, -4.15142700e-02,
       -1.22032508e-01, 9.99105573e-02, 8.25839788e-02, -5.87051287e-02,
       1.27596319e-01, -4.51623350e-02, 7.26260766e-02, -1.43226579e-01,
       1.21267810e-01, 9.67378067e-10, 8.05517435e-02, 3.26475166e-02,
       -6.83354661e-02, -2.83035971e-02, 1.14206098e-01, -4.15321887e-02,
       -1.42583653e-01, -1.15816794e-01, -1.54052466e-01, 2.42330000e-01,
       7.30011538e-02, -1.25490457e-01, 4.58432101e-02, -1.03348807e-01,
       1.04634494e-01, -5.38434200e-02, 1.43226579e-01, 7.26260766e-02,
       -9.67475322e-10, 1.21267810e-01, 5.03233373e-02, 1.25664026e-01,
       1.10228024e-01, -4.39585373e-02, 1.20297201e-01, 5.10640442e-02,
       1.69739217e-01, -9.50705111e-02, -5.60233556e-02, -8.24580118e-02,
       -8.90630707e-02, 1.31790861e-01, 1.34887740e-01, -8.75766110e-03,
       4.15477492e-02, -7.75707066e-02, 1.04360320e-01, -1.15976483e-01,
       1.21267810e-01, 1.33379985e-09, 1.44467309e-01, 4.01607417e-02,
       -1.24498934e-01, -2.92087439e-02, 1.41573042e-01, -8.81924108e-02,
       -1.22097217e-01, -8.89187455e-02, -1.01482719e-01, 2.42702857e-01,
       6.19926937e-02, -4.31096591e-02, 1.86648313e-02, -1.03139266e-01,
       6.08864091e-02, -4.40010317e-02, 1.15976483e-01, 1.04360320e-01,
       -1.33387867e-09, 1.21267810e-01, 6.98364675e-02, 1.59541354e-01,
       4.50955965e-02, 2.13099713e-03, 6.83396235e-02, 5.22966050e-02,
       2.13347256e-01, -2.65630241e-02, -5.73758967e-02, -1.21095896e-01,
       -6.16160482e-02, 7.00144321e-02, 1.18136354e-01, 3.13987397e-02,
       -3.40279192e-02, -9.40045640e-02, 1.30438060e-01, -8.30122158e-02,
       1.21267810e-01, 1.62828584e-09, 1.99365214e-01, 2.91746501e-02,
       -1.54647261e-01, -3.71784531e-02, 1.45156771e-01, -1.17777206e-01,
       -6.33724630e-02, -1.01679855e-03, -3.34869251e-02, 1.56003222e-01,
       1.59450062e-02, 1.60654448e-02, -3.42536494e-02, -5.13475686e-02,
       -5.62700629e-03, -4.98743244e-02, 8.30122158e-02, 1.30438060e-01,
       -1.62834213e-09, 1.21267810e-01, 7.44833797e-02, 1.81182817e-01,
       3.59000755e-03, 3.08926404e-02, 1.59853119e-02, 5.53739183e-02,
       2.32158408e-01, 4.96112220e-02, -5.82166463e-02, -1.48987934e-01,
       -3.48660648e-02, -3.68725620e-02, 6.57498166e-02, 5.96281402e-02,
       -7.94466957e-02, -9.71713737e-02, 1.47560656e-01, -4.46347333e-02,
       1.21267810e-01, 1.81116200e-09, 2.33755440e-01, 1.22511592e-02,
       -1.55111983e-01, -3.29065695e-02, 1.30255535e-01, -1.33739352e-01,
       -3.62964673e-03, 9.83783230e-02, 8.11569300e-03, 2.77943257e-02,
       -1.83223467e-02, 3.81333530e-02, -8.15031901e-02, 8.12335580e-04,
       -6.00868240e-02, -6.67747334e-02, 4.46347333e-02, 1.47560656e-01,
       -1.81119231e-09, 1.21267810e-01, 6.08475432e-02, 1.97183758e-01,
       -1.30964257e-02, 4.91870642e-02, -3.10167987e-02, 6.14852868e-02,
       2.16250464e-01, 1.06325962e-01, -7.21987635e-02, -1.31413579e-01,
       3.52460542e-03, -1.40718460e-01, 2.18526996e-03, 4.03181352e-02,
       -7.36920461e-02, -7.66346455e-02, 1.56825706e-01, -3.14604142e-03,
       1.21267810e-01, 1.89713423e-09, 2.44111121e-01, -2.62445631e-03,
       -1.48898333e-01, -1.19007444e-02, 1.06009915e-01, -1.40465587e-01,
       2.21823882e-02, 1.53458580e-01, 2.81500071e-02, -6.31277487e-02,
       -2.78548934e-02, 4.49825376e-02, -9.18526053e-02, 1.35389417e-02,
       -6.27806932e-02, -6.90418482e-02, 3.14604142e-03, 1.56825706e-01,
       -1.89713645e-09, 1.21267810e-01, 3.17082033e-02, 2.14633211e-01,
       -2.48498898e-02, 5.84106036e-02, -6.65535107e-02, 6.61702752e-02,
       1.54770017e-01, 1.16839111e-01, -8.80084708e-02, -5.45908622e-02,
       5.65447286e-02, -2.26736724e-01, -4.96472158e-02, -1.61424559e-02,
       -1.33467261e-02, -3.30607221e-02, 1.61718145e-01, 3.94547433e-02,
       1.21267810e-01, 1.92956917e-09, 2.52460271e-01, -1.83664225e-02,
       -1.59503043e-01, 6.53776107e-03, 6.16211481e-02, -1.26602262e-01,
       2.44744103e-02, 1.42099530e-01, 4.31073233e-02, -1.22221209e-01,
       -2.11822316e-02, 3.95294726e-02, -7.96377510e-02, 1.41506679e-02,
       -2.69160047e-02, -1.94927100e-02, -3.94547433e-02, 1.61718145e-01,
       -1.92954230e-09, 1.21267810e-01, -4.61485703e-03, 2.40918994e-01,
       -3.75015438e-02, 5.70762455e-02, -9.15203318e-02, 6.70218319e-02,
       7.29825795e-02, 1.14612490e-01, -9.73275304e-02, 7.05687031e-02,
       1.18007615e-01, -2.87289500e-01, -9.64209214e-02, -7.76902437e-02,
       5.55816665e-02, 2.67806537e-02, 1.62878528e-01, 8.24373364e-02,
       1.21267810e-01, 1.91666483e-09, 2.66234249e-01, -2.74188425e-02,
       -1.85943156e-01, 1.14430618e-02, 1.40045593e-02, -1.17063545e-01,
       1.46487616e-02, 1.13629900e-01, 6.34026602e-02, -1.67107984e-01,
       -1.63725559e-02, 1.11192986e-02, -9.33446065e-02, 2.89856363e-02,
       2.71505732e-02, 4.94018048e-02, -8.24373364e-02, 1.62878528e-01,
       -1.91660887e-09, 1.21267810e-01, -4.35784347e-02, 2.73050964e-01,
       -3.71139906e-02, 5.81433959e-02, -9.29933041e-02, 5.85397631e-02,
       2.39791255e-03, 1.20131671e-01, -1.04791448e-01, 2.03508794e-01,
       1.64825976e-01, -3.29192609e-01, -1.31768346e-01, -1.33875906e-01,
       9.92096215e-02, 6.40297607e-02, -1.33987665e-01, 1.13003597e-01,
       1.21267810e-01, -1.68996983e-09, 5.72023578e-02, 4.86543663e-02,
       1.69045731e-01, 2.39772890e-02, 1.59041852e-01, -6.44245371e-02,
       -4.08900268e-02, 1.10010073e-01, 9.05203149e-02, 1.03403777e-01,
       -6.41749427e-02, 9.83644743e-03, -1.42629286e-02, -4.02244702e-02,
       -1.18865855e-01, 1.41021088e-01, -1.13003597e-01, -1.33987665e-01,
       1.69004644e-09, 1.21267810e-01, 1.04225958e-02, 6.37765154e-02,
       -9.72148702e-02, -9.12633687e-02, 2.01276261e-02, 2.07346138e-02,
       1.16178505e-01, -3.19666207e-01, 2.27252781e-01, -6.37404174e-02,
       -3.18560563e-02, -1.36314988e-01, -3.34162772e-01, 1.22791871e-01,
       5.90358973e-02, -1.83656871e-01, -1.13744162e-01, 1.32935211e-01,
       1.21267810e-01, -1.45782320e-09, 1.83366286e-03, 1.83931366e-02,
       1.34595841e-01, 1.77233666e-02, 1.64447188e-01, -8.41827467e-02,
       -7.94629380e-02, 1.77437589e-01, 7.65313283e-02, 5.86825050e-02,
       4.67166193e-02, 7.40383938e-03, 1.05706908e-01, -2.84905508e-02,
       -9.26290229e-02, 1.97961420e-01, -1.32935211e-01, -1.13744162e-01,
       1.45791357e-09, 1.21267810e-01, 1.32228462e-02, 1.66277122e-02,
       -9.20560881e-02, -1.01070121e-01, 4.17704731e-02, -1.57184117e-02,
       9.08973962e-02, -1.64213732e-01, 2.10792333e-01, -7.42164478e-02,
       -1.01620809e-03, -1.06256515e-01, -1.52841285e-01,
       -6.65927231e-02, -9.28464383e-02, -7.99718946e-02,
       -8.39094147e-02, 1.39267430e-01, 1.21267810e-01, -1.10125153e-09,
       -4.01762538e-02, 8.19601584e-03, 1.01765886e-01, 1.61036327e-02,
       1.61253765e-01, -7.36298263e-02, -9.64730754e-02, 1.26799643e-01,
       6.46519959e-02, 1.14824278e-02, 1.42943770e-01, -4.16855607e-03,
       8.75985175e-02, 1.06888019e-01, 3.20982076e-02, 1.73372239e-01,
       -1.39267430e-01, -8.39094147e-02, 1.10134613e-09, 1.21267810e-01,
       2.16385033e-02, -3.86013873e-02, -8.79029706e-02, -1.08211756e-01,
       6.59424812e-02, -2.58357059e-02, 6.24143891e-02, -6.06198497e-02,
       1.55070975e-01, -1.10275321e-01, 9.83150601e-02, -7.34057948e-02,
       3.14863957e-02, -1.64659008e-01, -1.34395808e-01, 1.01743331e-02,
       -5.30091189e-02, 1.35055870e-01, 1.21267810e-01, -7.25197735e-10,
       -7.69155696e-02, 1.48459719e-02, 6.68611154e-02, 1.67308785e-02,
       1.46562338e-01, -6.19674325e-02, -9.67916027e-02, 4.51577231e-02,
       7.28734359e-02, -2.50128880e-02, 1.93440333e-01, -2.05377471e-02,
       7.85840675e-03, 2.58020252e-01, 1.53980047e-01, 1.08696394e-01,
       -1.35055870e-01, -5.30091189e-02, 7.25289495e-10, 1.21267810e-01,
       1.97388791e-02, -7.26557970e-02, -8.41829553e-02, -1.06664278e-01,
       8.92208070e-02, -2.89337952e-02, 4.02232595e-02, -2.14674305e-02,
       9.71501619e-02, -1.36668146e-01, 1.71656385e-01, -5.43951690e-02,
       1.19789921e-01, -1.72563553e-01, -1.05311900e-01, 3.30747589e-02,
       -2.45409440e-02, 1.22837320e-01, 1.21267810e-01, -3.73518994e-10,
       -1.07288867e-01, 1.61492974e-02, 2.37277001e-02, 1.86290815e-02,
       1.17896080e-01, -4.35254313e-02, -8.08691606e-02, -4.25207838e-02,
       9.66788903e-02, -5.38685657e-02, 2.12113291e-01, -3.72071788e-02,
       -7.73006603e-02, 3.56248617e-01, 2.10431442e-01, 2.02948824e-02,
       -1.22837320e-01, -2.45409440e-02, 3.73602482e-10, 1.21267810e-01,
       7.97508843e-03, -7.89703876e-02, -7.65166804e-02, -1.07620232e-01,
       1.12381622e-01, -2.44079344e-02, 9.27805807e-03, -9.63184796e-03,
       4.82265726e-02, -1.51300400e-01, 2.46780857e-01, -3.82524319e-02,
       1.40045643e-01, -6.62958324e-02, 2.44817846e-02, 3.17919813e-02,
       2.45409440e-02, 1.22837320e-01, 1.21267810e-01, 2.19612106e-10,
       -1.07288972e-01, -1.61492750e-02, -2.37276889e-02,
       -1.86290853e-02, -1.17896035e-01, 4.35254090e-02, -8.08695331e-02,
       4.25208509e-02, 9.66789052e-02, 5.38685881e-02, -2.12112963e-01,
       -3.72083597e-02, 7.73006231e-02, -3.56248856e-01, -2.10431486e-01,
       2.02949066e-02, -1.22837320e-01, 2.45409440e-02, -2.19528645e-10,
       1.21267810e-01, -7.97508005e-03, -7.89703652e-02, -7.65166581e-02,
       -1.07620418e-01, 1.12381563e-01, -2.44078971e-02, -9.27807949e-03,
       -9.63184331e-03, -4.82264720e-02, -1.51300400e-01, 2.46780306e-01,
       3.82528380e-02, 1.40045777e-01, -6.62960410e-02, 2.44817398e-02,
       -3.17922682e-02, 5.30091189e-02, 1.35055870e-01, 1.21267810e-01,
       5.55981872e-10, -7.69155845e-02, -1.48459701e-02, -6.68611079e-02,
       -1.67308878e-02, -1.46562353e-01, 6.19674176e-02, -9.67916921e-02,
       -4.51577716e-02, 7.28734434e-02, 2.50128563e-02, -1.93440482e-01,
       -2.05385350e-02, -7.85840675e-03, -2.58020312e-01,
       -1.53979987e-01, 1.08696945e-01, -1.35055870e-01, 5.30091189e-02,
       -5.55890112e-10, 1.21267810e-01, -1.97388809e-02, -7.26557970e-02,
       -8.41830894e-02, -1.06664248e-01, 8.92208666e-02, -2.89337914e-02,
       -4.02232222e-02, -2.14677062e-02, -9.71499085e-02,
       -1.36668101e-01, 1.71656325e-01, 5.43952025e-02, 1.19790114e-01,
       -1.72563404e-01, -1.05311908e-01, -3.30747254e-02, 8.39094147e-02,
       1.39267430e-01, 1.21267810e-01, 9.26758781e-10, -4.01762649e-02,
       -8.19600932e-03, -1.01765923e-01, -1.61036160e-02,
       -1.61254033e-01, 7.36297965e-02, -9.64729041e-02, -1.26799420e-01,
       6.46519586e-02, -1.14826430e-02, -1.42944217e-01, -4.16913629e-03,
       -8.75984430e-02, -1.06887877e-01, -3.20980474e-02, 1.73372313e-01,
       -1.39267430e-01, 8.39094147e-02, -9.26664190e-10, 1.21267810e-01,
       -2.16385275e-02, -3.86014171e-02, -8.79029334e-02,
       -1.08211860e-01, 6.59425706e-02, -2.58358158e-02, -6.24144413e-02,
       -6.06202781e-02, -1.55070826e-01, -1.10275589e-01, 9.83148813e-02,
       7.34058246e-02, 3.14867161e-02, -1.64658904e-01, -1.34396330e-01,
       -1.01743229e-02, 1.13744162e-01, 1.32935211e-01, 1.21267810e-01,
       1.29126432e-09, 1.83366146e-03, -1.83931496e-02, -1.34595856e-01,
       -1.77233852e-02, -1.64447218e-01, 8.41826797e-02, -7.94628263e-02,
       -1.77437454e-01, 7.65316710e-02, -5.86825050e-02, -4.67166640e-02,
       7.40372576e-03, -1.05706893e-01, 2.84907315e-02, 9.26294103e-02,
       1.97961092e-01, -1.32935211e-01, 1.13744162e-01, -1.29117395e-09,
       1.21267810e-01, -1.32228462e-02, 1.66277252e-02, -9.20562595e-02,
       -1.01070099e-01, 4.17704992e-02, -1.57186352e-02, -9.08974633e-02,
       -1.64214239e-01, -2.10792050e-01, -7.42162243e-02,
       -1.01632101e-03, 1.06256709e-01, -1.52841389e-01, -6.65928274e-02,
       -9.28464904e-02, 7.99722895e-02, 1.33987665e-01, 1.13003597e-01,
       1.21267810e-01, 1.54838375e-09, 5.72023243e-02, -4.86543700e-02,
       -1.69045866e-01, -2.39773300e-02, -1.59041971e-01, 6.44245148e-02,
       -4.08898778e-02, -1.10009961e-01, 9.05205384e-02, -1.03404142e-01,
       6.41747862e-02, 9.83644836e-03, 1.42628299e-02, 4.02246043e-02,
       1.18866116e-01, 1.41020864e-01, -1.13003597e-01, 1.33987665e-01,
       -1.54830715e-09, 1.21267810e-01, -1.04225967e-02, 6.37764856e-02,
       -9.72148255e-02, -9.12634134e-02, 2.01276224e-02, 2.07343921e-02,
       -1.16178147e-01, -3.19666892e-01, -2.27252543e-01,
       -6.37403280e-02, -3.18564996e-02, 1.36314884e-01, -3.34162652e-01,
       1.22791655e-01, 5.90361841e-02, 1.83656901e-01, -1.63774220e-11,
       8.95654485e-02, 1.21267810e-01, -5.61097349e-11, -1.13611639e-01,
       6.70076705e-09, 2.27609842e-08, -9.37377398e-10, -3.97117255e-08,
       3.21665006e-08, -6.50234595e-02, -4.99649673e-08, 5.29572219e-02,
       8.62142215e-08, 4.27122337e-08, -3.51237552e-03, 4.02809484e-08,
       -2.25389876e-08, -4.26297646e-08, -1.31773829e-01,
       -8.95654485e-02, -1.46658380e-11, 5.61705925e-11, 1.21267810e-01,
       1.91454574e-10, -6.87788874e-02, -7.28405565e-02, -3.99533883e-02,
       -1.00697353e-02, -6.80229813e-02, -5.27286481e-08, 8.87223557e-02,
       -6.67773890e-08, -1.00648412e-02, -7.99833834e-02,
       -1.00881635e-07, 4.39771302e-02, 3.92513676e-03, 3.96597423e-02,
       -3.67249164e-08, -7.48944917e-12, 6.21425845e-02, 1.21267810e-01,
       -3.89302375e-11, -1.38393983e-01, 7.93497623e-09, -4.41709176e-08,
       -1.00650128e-08, 7.46790718e-08, -9.69069660e-08, -5.13879806e-02,
       1.14402994e-07, 4.13014367e-02, -2.36170088e-08, 1.22678108e-08,
       1.18681090e-03, -1.56159686e-07, 5.76291992e-09, -2.17549669e-07,
       -1.83450192e-01, -6.21425845e-02, -6.30191255e-12, 3.89724572e-11,
       1.21267810e-01, 2.88970042e-10, -1.20637670e-01, -4.64707799e-02,
       -4.73365895e-02, 1.25540243e-02, 3.90304103e-02, -6.50792202e-08,
       1.26496822e-01, -1.40577328e-07, -1.58440284e-02, -7.58683756e-02,
       -8.66245813e-08, -1.13725495e-02, -4.43791188e-02, 1.33873180e-01,
       -9.76399477e-08, -1.78261902e-11, 3.50515097e-02, 1.21267810e-01,
       -2.19585912e-11, -1.68397516e-01, 7.66771535e-09, -3.35062538e-08,
       -5.74262993e-09, 6.02046981e-08, -7.17928330e-08, -3.79595868e-02,
       7.78614080e-08, 2.81645115e-02, 4.61886636e-08, 2.77785279e-08,
       3.36219021e-03, -1.19221909e-07, -7.23692111e-08, -2.54078373e-07,
       -2.31251597e-01, -3.50515097e-02, -1.71563614e-11, 2.19824055e-11,
       1.21267810e-01, -1.13809595e-09, -1.74129859e-01, -2.04664208e-02,
       -5.64976074e-02, 3.88602726e-02, 1.46552190e-01, -1.10036297e-07,
       1.64231509e-01, -3.00803322e-07, -2.65759807e-02, -6.70183152e-02,
       -1.77261313e-07, -5.96826971e-02, -8.71746615e-02, 2.24770561e-01,
       -1.21831221e-07, 2.11178658e-10, 6.99566305e-03, 1.21267810e-01,
       -4.38254684e-12, -1.98665679e-01, -5.81499116e-09,
       -2.96015212e-08, 2.00896966e-09, 2.74304113e-09, -6.84894346e-08,
       -2.52324045e-02, 1.25042689e-07, 1.08874803e-02, -2.25932894e-07,
       -1.16449414e-07, 5.59198903e-03, -2.55466631e-07, -6.49072547e-08,
       -5.50757704e-07, -2.72132635e-01, -6.99566305e-03, 2.11312343e-10,
       4.38729782e-12, 1.21267810e-01, -1.07209397e-09, -2.22401068e-01,
       5.49772242e-03, -6.72757924e-02, 6.88988417e-02, 2.47692704e-01,
       -1.30110536e-07, 1.89558640e-01, -2.36158982e-07, -3.59961390e-02,
       -5.66778928e-02, -3.64646091e-08, -1.04050800e-01,
       -1.20560929e-01, 3.08513939e-01, -2.98642675e-08, -3.42454426e-02,
       -1.28321284e-02, 1.21267810e-01, -4.05800865e-10, -1.04926094e-01,
       1.22896899e-02, 6.67906227e-03, 5.37375063e-02, -6.09995658e-03,
       -5.62336668e-02, 2.48168427e-02, -7.89291516e-04, 3.50242220e-02,
       -9.12406854e-03, -3.30769531e-02, 1.39551600e-02, 4.29299753e-03,
       -7.39515945e-02, -8.60453397e-03, -1.58987150e-01, 1.28321284e-02,
       -3.42454426e-02, 4.05792150e-10, 1.21267810e-01, -6.38563139e-03,
       -1.17354222e-01, -1.96467433e-02, 3.89523022e-02, 2.68890262e-02,
       9.45983902e-02, 2.84600854e-02, 1.03851639e-01, 4.45278026e-02,
       4.10918258e-02, -4.11338620e-02, -3.53263132e-02, -1.74603630e-02,
       -1.35746915e-02, 7.03958273e-02, 2.34055407e-02, -1.77263897e-02,
       -1.85218938e-02, 1.21267810e-01, -2.02611594e-10, -1.20984875e-01,
       8.48559756e-03, 6.71038986e-04, 2.94886120e-02, -7.06110010e-03,
       -3.28355469e-02, 1.69887375e-02, -2.38343002e-03, 3.68436500e-02,
       -4.09495877e-03, -1.78193301e-02, 3.08629358e-03, 4.76576481e-03,
       -3.37947458e-02, -1.06181670e-02, -1.78561285e-01, 1.85218938e-02,
       -1.77263897e-02, 2.02599007e-10, 1.21267810e-01, 5.64694754e-04,
       -1.30655095e-01, -4.63069323e-03, 2.12871954e-02, 4.95908782e-02,
       1.24655291e-01, 1.53033510e-02, 1.15902461e-01, 1.77263506e-02,
       3.41219530e-02, -3.77646051e-02, -1.39728319e-02, -3.61511968e-02,
       -2.85060145e-02, 1.03369735e-01, 1.56237762e-02, 1.22571980e-10,
       -2.33295131e-02, 1.21267810e-01, 1.46151546e-11, -1.30387098e-01,
       -4.81810314e-10, 5.29758744e-08, 5.66691716e-09, -8.93229881e-08,
       1.27465242e-07, 1.65271666e-02, -1.09154499e-07, 3.47471796e-02,
       1.04170198e-07, 6.28033092e-08, 2.74470076e-03, 1.45958637e-07,
       -5.58669804e-08, 1.46846180e-08, -1.86151236e-01, 2.33295131e-02,
       1.22126156e-10, -1.46310065e-11, 1.21267810e-01, -1.12043286e-09,
       -1.41928181e-01, 3.96182900e-03, -4.04066266e-03, 6.20370358e-02,
       1.54719308e-01, -9.16552807e-08, 1.21928252e-01, -2.39822555e-07,
       3.28792408e-02, -3.67555916e-02, -3.02091792e-07, -5.00737280e-02,
       -3.36723104e-02, 1.33730918e-01, -4.66412828e-08, 1.77263897e-02,
       -1.85218938e-02, 1.21267810e-01, 2.25818267e-10, -1.20984882e-01,
       -8.48558825e-03, -6.71105983e-04, -2.94885784e-02, 7.06117647e-03,
       3.28354649e-02, 1.69888064e-02, 2.38373526e-03, 3.68436575e-02,
       4.09470918e-03, 1.78193580e-02, 3.08647729e-03, -4.76610707e-03,
       3.37949023e-02, 1.06178932e-02, -1.78561002e-01, 1.85218938e-02,
       1.77263897e-02, -2.25830868e-10, 1.21267810e-01, -5.64696267e-04,
       -1.30655199e-01, -4.63068066e-03, 2.12872121e-02, 4.95908633e-02,
       1.24655180e-01, -1.53036406e-02, 1.15902349e-01, -1.77265834e-02,
       3.41218896e-02, -3.77646871e-02, 1.39728813e-02, -3.61511260e-02,
       -2.85059493e-02, 1.03369750e-01, -1.56237679e-02, 3.42454426e-02,
       -1.28321284e-02, 1.21267810e-01, 4.21878671e-10, -1.04926132e-01,
       -1.22896964e-02, -6.67908555e-03, -5.37374802e-02, 6.09995844e-03,
       5.62336594e-02, 2.48168185e-02, 7.89433718e-04, 3.50241698e-02,
       9.12399217e-03, 3.30769829e-02, 1.39554031e-02, -4.29309811e-03,
       7.39515573e-02, 8.60426947e-03, -1.58987626e-01, 1.28321284e-02,
       3.42454426e-02, -4.21887358e-10, 1.21267810e-01, 6.38562534e-03,
       -1.17354155e-01, -1.96467377e-02, 3.89523096e-02, 2.68890429e-02,
       9.45984721e-02, -2.84602214e-02, 1.03851505e-01, -4.45279926e-02,
       4.10919599e-02, -4.11338136e-02, 3.53263356e-02, -1.74604151e-02,
       -1.35747809e-02, 7.03958049e-02, -2.34054383e-02, -1.00295283e-01,
       8.60323459e-02, 1.21267810e-01, -1.26591682e-09, 1.51843149e-02,
       3.66750062e-02, 1.10042676e-01, 1.05968667e-02, 1.44559801e-01,
       -5.34691364e-02, -2.99248267e-02, 3.02942581e-02, 6.79867938e-02,
       1.54466201e-02, -1.09808452e-01, 4.97791078e-03, -1.49422809e-01,
       -2.21976675e-02, -5.45791350e-02, -3.74381281e-02,
       -8.60323459e-02, -1.00295283e-01, 1.26597532e-09, 1.21267810e-01,
       1.27491280e-02, 2.94806156e-02, -7.69265071e-02, -1.67274997e-02,
       -4.66356017e-02, -7.54641369e-02, 7.01167136e-02, -9.24657658e-03,
       1.71328560e-01, 8.20371285e-02, -1.22745357e-01, -9.12072137e-02,
       7.26216137e-02, 9.61914361e-02, 1.07360203e-02, 3.46908346e-02,
       -8.21786076e-02, 9.61888656e-02, 1.21267810e-01, -1.05334819e-09,
       -9.63864569e-03, 2.43146941e-02, 8.58306140e-02, 2.62358692e-03,
       1.21153720e-01, -5.69636747e-02, -3.71144637e-02, 4.04508337e-02,
       7.04458356e-02, 6.11912971e-03, -9.24821198e-02, 1.01425415e-02,
       -1.27907738e-01, -1.02129141e-02, -5.72467856e-02,
       -3.54087912e-02, -9.61888656e-02, -8.21786076e-02, 1.05341358e-09,
       1.21267810e-01, 9.07657109e-03, 1.28167477e-02, -7.68755898e-02,
       -4.67565469e-02, -1.85377616e-02, -8.08372647e-02, 6.12548105e-02,
       3.72720161e-03, 1.48260102e-01, 7.56559297e-02, -1.45963311e-01,
       -7.75986686e-02, 1.14898294e-01, 1.13497563e-01, -2.54177116e-03,
       2.71855202e-02, -6.07837811e-02, 9.59552377e-02, 1.21267810e-01,
       -7.94655619e-10, -1.74810886e-02, 1.06333755e-02, 6.55820444e-02,
       1.87939219e-02, 7.59612173e-02, -5.02532385e-02, -3.51916477e-02,
       3.60912010e-02, 7.04834908e-02, 2.41573760e-03, -7.39035979e-02,
       9.52163897e-03, -1.12168700e-01, -1.18480092e-02, -4.11784798e-02,
       -2.93548964e-02, -9.59552377e-02, -6.07837811e-02, 7.94720845e-10,
       1.21267810e-01, 8.85821879e-03, 3.02985846e-03, -7.33819678e-02,
       -5.04560582e-02, -1.92864928e-02, -7.53238425e-02, 4.04295325e-02,
       2.02615131e-02, 1.09498762e-01, 7.76625797e-02, -1.44795135e-01,
       -6.51714355e-02, 1.14937343e-01, 1.08407274e-01, 2.67760199e-03,
       2.86576375e-02, -4.14136201e-02, 8.13845322e-02, 1.21267810e-01,
       -5.51448442e-10, -1.69625096e-02, 9.66476090e-03, 5.16229533e-02,
       1.24364048e-02, 5.68321496e-02, -2.48525199e-02, -1.91288572e-02,
       1.03460830e-02, 7.66447261e-02, 1.29075442e-02, -4.91544940e-02,
       1.03310384e-02, -6.36801198e-02, 1.54094212e-02, -2.00052820e-02,
       -3.39392684e-02, -8.13845322e-02, -4.14136201e-02, 5.51503732e-10,
       1.21267810e-01, 5.97174698e-03, -1.36298556e-02, -8.11720937e-02,
       -1.96068548e-02, -5.68407513e-02, -6.99948147e-02, 2.75649838e-02,
       3.93520929e-02, 7.46531337e-02, 6.77295625e-02, -9.80966538e-02,
       -4.27763984e-02, 7.19172135e-02, 8.74465704e-02, 2.23577656e-02,
       2.37301383e-02, -6.18192703e-02, 7.82494396e-02, 1.21267810e-01,
       -7.96076871e-10, -1.50256203e-02, 2.03001313e-02, 6.76781833e-02,
       1.59153976e-02, 8.37790892e-02, -4.63628918e-02, -2.46031899e-02,
       1.85724553e-02, 8.86679739e-02, 5.37927169e-03, -7.56460875e-02,
       -3.45574762e-03, -1.06123298e-01, -3.73769365e-03,
       -3.84998247e-02, -3.45531255e-02, -7.82494396e-02,
       -6.18192703e-02, 7.96130106e-10, 1.21267810e-01, 6.49350090e-03,
       -1.53578185e-02, -8.76121521e-02, 1.06075974e-02, -7.36045092e-02,
       -8.13620836e-02, 4.42825593e-02, 2.30708979e-02, 1.07140183e-01,
       6.78470358e-02, -1.15964137e-01, -6.37410358e-02, 8.49500969e-02,
       9.78920311e-02, 3.47103700e-02, 3.50214206e-02, -8.34503174e-02,
       7.85378367e-02, 1.21267810e-01, -1.05765841e-09, -6.30682055e-03,
       3.46708633e-02, 8.84019509e-02, -6.25082699e-04, 1.29406482e-01,
       -5.33751845e-02, -2.55679470e-02, 2.59427056e-02, 8.85150805e-02,
       8.69136024e-03, -9.53401178e-02, 1.52976936e-04, -1.24861948e-01,
       -6.87445980e-03, -6.02420233e-02, -4.13653441e-02,
       -7.85378367e-02, -8.34503174e-02, 1.05771170e-09, 1.21267810e-01,
       9.41331498e-03, -6.12159073e-03, -8.61250088e-02, 1.42577663e-02,
       -7.05906004e-02, -7.77644962e-02, 5.79654090e-02, 3.52254766e-03,
       1.39060259e-01, 6.98629096e-02, -1.15953028e-01, -7.99343735e-02,
       8.80476907e-02, 9.82623547e-02, 3.26135121e-02, 4.18433473e-02,
       4.14136201e-02, 8.13845322e-02, 1.21267810e-01, 4.49479093e-10,
       -1.69625152e-02, -9.66477115e-03, -5.16229570e-02,
       -1.24364179e-02, -5.68320788e-02, 2.48525105e-02, -1.91288963e-02,
       -1.03459805e-02, 7.66447634e-02, -1.29075758e-02, 4.91544530e-02,
       1.03310300e-02, 6.36801124e-02, -1.54094696e-02, 2.00052690e-02,
       -3.39391045e-02, -8.13845322e-02, 4.14136201e-02, -4.49423776e-10,
       1.21267810e-01, -5.97174652e-03, -1.36298575e-02, -8.11720937e-02,
       -1.96068510e-02, -5.68407737e-02, -6.99948519e-02,
       -2.75649931e-02, 3.93519476e-02, -7.46531710e-02, 6.77296370e-02,
       -9.80967283e-02, 4.27762233e-02, 7.19172210e-02, 8.74465331e-02,
       2.23577470e-02, -2.37304289e-02, 6.07837811e-02, 9.59552377e-02,
       1.21267810e-01, 6.74430178e-10, -1.74810793e-02, -1.06333755e-02,
       -6.55820966e-02, -1.87939405e-02, -7.59612992e-02, 5.02532199e-02,
       -3.51915918e-02, -3.60910743e-02, 7.04834908e-02, -2.41571688e-03,
       7.39037842e-02, 9.52180196e-03, 1.12168595e-01, 1.18479999e-02,
       4.11785468e-02, -2.93551423e-02, -9.59552377e-02, 6.07837811e-02,
       -6.74364953e-10, 1.21267810e-01, -8.85821600e-03, 3.02985776e-03,
       -7.33820647e-02, -5.04560657e-02, -1.92865264e-02,
       -7.53239244e-02, -4.04294655e-02, 2.02612597e-02, -1.09498888e-01,
       7.76626393e-02, -1.44795239e-01, 6.51710331e-02, 1.14937268e-01,
       1.08406834e-01, 2.67765345e-03, -2.86579914e-02, 8.21786076e-02,
       9.61888656e-02, 1.21267810e-01, 9.32830035e-10, -9.63864941e-03,
       -2.43146867e-02, -8.58306512e-02, -2.62360228e-03,
       -1.21153750e-01, 5.69637194e-02, -3.71143892e-02, -4.04508598e-02,
       7.04457462e-02, -6.11923356e-03, 9.24820304e-02, 1.01426253e-02,
       1.27907753e-01, 1.02129020e-02, 5.72470576e-02, -3.54088098e-02,
       -9.61888656e-02, 8.21786076e-02, -9.32764643e-10, 1.21267810e-01,
       -9.07656457e-03, 1.28167486e-02, -7.68755153e-02, -4.67565805e-02,
       -1.85377672e-02, -8.08372721e-02, -6.12547137e-02, 3.72685911e-03,
       -1.48260072e-01, 7.56560788e-02, -1.45963356e-01, 7.75984749e-02,
       1.14898488e-01, 1.13497503e-01, -2.54176813e-03, -2.71858256e-02,
       1.00295283e-01, 8.60323459e-02, 1.21267810e-01, 1.15812404e-09,
       1.51843326e-02, -3.66749950e-02, -1.10042661e-01, -1.05968853e-02,
       -1.44559667e-01, 5.34690730e-02, -2.99247745e-02, -3.02942023e-02,
       6.79867417e-02, -1.54466666e-02, 1.09808497e-01, 4.97819483e-03,
       1.49422839e-01, 2.21975446e-02, 5.45792431e-02, -3.74381095e-02,
       -8.60323459e-02, 1.00295283e-01, -1.15806553e-09, 1.21267810e-01,
       -1.27491262e-02, 2.94806324e-02, -7.69263804e-02, -1.67274754e-02,
       -4.66355234e-02, -7.54642785e-02, -7.01166913e-02,
       -9.24695469e-03, -1.71328589e-01, 8.20372105e-02, -1.22745618e-01,
       9.12069753e-02, 7.26217106e-02, 9.61914808e-02, 1.07359821e-02,
       -3.46911438e-02, 8.34503174e-02, 7.85378367e-02, 1.21267810e-01,
       9.59255786e-10, -6.30681962e-03, -3.46709266e-02, -8.84019136e-02,
       6.25067391e-04, -1.29406393e-01, 5.33751398e-02, -2.55679712e-02,
       -2.59425826e-02, 8.85152593e-02, -8.69146734e-03, 9.53401700e-02,
       1.53224799e-04, 1.24861710e-01, 6.87443698e-03, 6.02420829e-02,
       -4.13653068e-02, -7.85378367e-02, 8.34503174e-02, -9.59202495e-10,
       1.21267810e-01, -9.41331498e-03, -6.12159865e-03, -8.61250460e-02,
       1.42577915e-02, -7.05905855e-02, -7.77645558e-02, -5.79653829e-02,
       3.52224219e-03, -1.39060318e-01, 6.98628500e-02, -1.15953162e-01,
       7.99341947e-02, 8.80475938e-02, 9.82620120e-02, 3.26135606e-02,
       -4.18436676e-02, 6.18192703e-02, 7.82494396e-02, 1.21267810e-01,
       6.98035629e-10, -1.50256101e-02, -2.03001220e-02, -6.76781833e-02,
       -1.59153976e-02, -8.37792009e-02, 4.63628806e-02, -2.46031787e-02,
       -1.85723566e-02, 8.86681080e-02, -5.37927588e-03, 7.56460354e-02,
       -3.45555064e-03, 1.06123261e-01, 3.73778632e-03, 3.84998620e-02,
       -3.45531590e-02, -7.82494396e-02, 6.18192703e-02, -6.97982394e-10,
       1.21267810e-01, -6.49349717e-03, -1.53578045e-02, -8.76121819e-02,
       1.06075909e-02, -7.36045390e-02, -8.13621953e-02, -4.42825630e-02,
       2.30706334e-02, -1.07140243e-01, 6.78470582e-02, -1.15964137e-01,
       6.37406707e-02, 8.49501118e-02, 9.78917405e-02, 3.47103886e-02,
       -3.50216255e-02, -6.38681576e-02, -6.28079027e-02, 1.21267810e-01,
       -7.32469030e-10, 1.06662037e-02, -8.08304828e-03, 2.15480495e-02,
       2.24357247e-01, 4.95839259e-03, -1.33365005e-01, 1.25076637e-01,
       -5.57165891e-02, -6.52559847e-02, -1.10660255e-01,
       -4.55191769e-02, 4.02153656e-02, -8.75775144e-03, -1.30751073e-01,
       1.58278003e-01, 9.97122005e-02, 6.28079027e-02, -6.38681576e-02,
       7.32426397e-10, 1.21267810e-01, -1.47742382e-03, -2.11149901e-02,
       2.34930683e-02, 2.10338742e-01, -2.48282794e-02, -9.94549915e-02,
       3.40677015e-02, -1.11165680e-01, 7.73212984e-02, 2.66597234e-02,
       8.13355148e-02, -6.84087947e-02, 6.28435165e-02, 1.59977917e-02,
       -5.67576438e-02, 1.11132637e-01, -4.01795618e-02, -5.39975129e-02,
       1.21267810e-01, -4.51723103e-10, -5.83630949e-02, -1.18530057e-02,
       -1.19842058e-02, 1.63537979e-01, 1.72151327e-02, -7.03489333e-02,
       1.02629572e-01, -3.14794034e-02, -6.99444562e-02, -6.71599358e-02,
       -3.51238810e-02, 5.82990833e-02, -1.63938489e-03, -7.24393055e-02,
       9.68479589e-02, 5.76140024e-02, 5.39975129e-02, -4.01795618e-02,
       4.51686438e-10, 1.21267810e-01, -1.73319073e-03, -9.90727991e-02,
       2.16154219e-03, 1.71701908e-01, 3.69336568e-02, 5.59052043e-02,
       2.80827451e-02, -5.83061948e-02, 5.31158037e-02, 4.41381708e-02,
       3.90863344e-02, -3.95925604e-02, -3.80922593e-02, 4.59481850e-02,
       -1.20454669e-01, 6.66936338e-02, -1.63192768e-02, -4.88892086e-02,
       1.21267810e-01, -1.66583206e-10, -9.94098186e-02, -3.05180391e-03,
       -6.28484087e-03, 7.18023255e-02, -3.25538334e-03, -4.98625264e-02,
       8.57414603e-02, -5.91781363e-03, -4.72545326e-02, -3.22760902e-02,
       -2.33288761e-02, 6.14205413e-02, -4.25557280e-03, -4.66023162e-02,
       3.82331274e-02, 8.41896515e-03, 4.88892086e-02, -1.63192768e-02,
       1.66549982e-10, 1.21267810e-01, -2.29878424e-04, -1.31438568e-01,
       3.65737872e-03, 1.23799719e-01, 7.34147504e-02, 1.38326824e-01,
       1.19241932e-02, -3.33049856e-02, 1.86456405e-02, 4.96859141e-02,
       1.27803255e-02, -1.57995317e-02, -9.72026438e-02, 4.74757142e-02,
       -1.31500795e-01, 2.79548727e-02, 1.93279753e-10, -5.31444959e-02,
       1.21267810e-01, 3.32932362e-11, -1.04406305e-01, 2.09522821e-09,
       1.09334986e-09, 7.79747045e-10, 5.27299893e-09, -6.25761531e-09,
       8.51042718e-02, 3.98743047e-08, -4.22937311e-02, 2.33051587e-08,
       -3.28879253e-08, 5.46064451e-02, 1.03250848e-08, -5.20402921e-08,
       4.25962332e-09, -4.85796528e-03, 5.31444959e-02, 1.92264177e-10,
       -3.33293462e-11, 1.21267810e-01, -9.53900070e-10, -1.35183871e-01,
       6.87608588e-03, 1.24885604e-01, 7.63681084e-02, 1.44550085e-01,
       4.03839167e-08, -3.47792245e-02, -1.56275242e-08, 5.37817106e-02,
       2.66745593e-02, 1.71705167e-07, -9.57271084e-02, 5.50466813e-02,
       -1.40079379e-01, 6.72676634e-08, 1.63192768e-02, -4.88892086e-02,
       1.21267810e-01, 2.27838096e-10, -9.94097665e-02, 3.05180531e-03,
       6.28489023e-03, -7.18023330e-02, 3.25531652e-03, 4.98627871e-02,
       8.57415646e-02, 5.91766136e-03, -4.72546034e-02, 3.22762206e-02,
       2.33287346e-02, 6.14208132e-02, 4.25580656e-03, 4.66021523e-02,
       -3.82331386e-02, 8.41904059e-03, 4.88892086e-02, 1.63192768e-02,
       -2.27871305e-10, 1.21267810e-01, 2.29876634e-04, -1.31438553e-01,
       3.65740270e-03, 1.23799741e-01, 7.34147653e-02, 1.38326913e-01,
       -1.19242184e-02, -3.33050489e-02, -1.86455809e-02, 4.96859848e-02,
       1.27802333e-02, 1.57998875e-02, -9.72025320e-02, 4.74758372e-02,
       -1.31500855e-01, -2.79547758e-02, 4.01795618e-02, -5.39975129e-02,
       1.21267810e-01, 5.19378374e-10, -5.83631061e-02, 1.18530067e-02,
       1.19842086e-02, -1.63537949e-01, -1.72150992e-02, 7.03490153e-02,
       1.02629542e-01, 3.14793959e-02, -6.99445009e-02, 6.71598464e-02,
       3.51236612e-02, 5.82993515e-02, 1.63938664e-03, 7.24390820e-02,
       -9.68480855e-02, 5.76140098e-02, 5.39975129e-02, 4.01795618e-02,
       -5.19415067e-10, 1.21267810e-01, 1.73318735e-03, -9.90727544e-02,
       2.16156500e-03, 1.71701983e-01, 3.69336382e-02, 5.59051521e-02,
       -2.80826483e-02, -5.83062470e-02, -5.31156883e-02, 4.41382192e-02,
       3.90862897e-02, 3.95927094e-02, -3.80922109e-02, 4.59479615e-02,
       -1.20454609e-01, -6.66934252e-02, 6.38681576e-02, -6.28079027e-02,
       1.21267810e-01, 8.11163137e-10, 1.06662214e-02, 8.08305014e-03,
       -2.15480737e-02, -2.24357307e-01, -4.95830551e-03, 1.33364946e-01,
       1.25076547e-01, 5.57164103e-02, -6.52559027e-02, 1.10660128e-01,
       4.55189906e-02, 4.02159207e-02, 8.75797030e-03, 1.30750924e-01,
       -1.58277914e-01, 9.97124538e-02, 6.28079027e-02, 6.38681576e-02,
       -8.11205769e-10, 1.21267810e-01, 1.47742173e-03, -2.11149771e-02,
       2.34930757e-02, 2.10338667e-01, -2.48282328e-02, -9.94550362e-02,
       -3.40674929e-02, -1.11165911e-01, -7.73210153e-02, 2.66597290e-02,
       8.13354626e-02, 6.84091374e-02, 6.28436431e-02, 1.59976743e-02,
       -5.67576401e-02, -1.11132510e-01, 4.07850705e-02, -8.56343284e-02,
       1.21267810e-01, 5.46515111e-10, -4.02571149e-02, 9.34766792e-03,
       1.34515520e-02, -1.73420832e-01, -2.33399570e-02, 7.51633793e-02,
       1.29280910e-01, 3.40890810e-02, -8.24952722e-02, 7.35516176e-02,
       4.01543006e-02, 2.23531350e-02, -4.31036489e-04, 7.25074485e-02,
       -9.83791947e-02, 1.33360162e-01, 8.56343284e-02, 4.07850705e-02,
       -5.46573287e-10, 1.21267810e-01, 7.49091059e-03, -5.56058995e-02,
       1.30446702e-01, -9.84069426e-03, -1.19010411e-01, -1.63287595e-01,
       -2.95322109e-02, -1.62373241e-02, -7.10225850e-02, 2.28508878e-02,
       7.61799216e-02, 5.50490431e-02, -1.16664814e-02, -2.09461041e-02,
       -8.95889569e-03, -8.88265148e-02, 1.77554172e-02, -9.57429931e-02,
       1.21267810e-01, 2.74545470e-10, -7.63271973e-02, 2.33813142e-03,
       9.51505080e-03, -7.78516307e-02, -1.93190225e-03, 4.55059111e-02,
       1.21535771e-01, 1.07439812e-02, -6.72023967e-02, 3.07241976e-02,
       2.66619567e-02, 2.14753533e-03, 5.85010229e-03, 4.50797603e-02,
       -3.64324637e-02, 1.20631568e-01, 9.57429931e-02, 1.77554172e-02,
       -2.74610529e-10, 1.21267810e-01, 4.19610646e-03, -7.79014751e-02,
       1.83484733e-01, -1.10086955e-01, -1.63288906e-01, -1.80699036e-01,
       -1.19330501e-02, 3.87645550e-02, -3.25013176e-02, 1.41991442e-02,
       7.39518255e-02, 2.81767417e-02, -5.65169938e-02, -3.70679051e-02,
       1.39185768e-02, -3.57248709e-02, 2.57011606e-10, -9.76424441e-02,
       1.21267810e-01, 6.11697012e-11, -8.17825273e-02, -1.58550326e-11,
       -1.89635916e-08, -6.80232404e-09, -1.45262491e-09, 3.16988480e-09,
       1.18178412e-01, 5.51814310e-08, -6.48158714e-02, -1.23861454e-07,
       -6.88640895e-08, -1.76092819e-03, -7.76486075e-08, 2.61205333e-08,
       -5.22909005e-08, 1.10006832e-01, 9.76424441e-02, 2.55145682e-10,
       -6.12360440e-11, 1.21267810e-01, 2.51252796e-09, -8.15221071e-02,
       1.90248385e-01, -1.22970574e-01, -1.65210754e-01, -1.75466120e-01,
       7.49521618e-08, 4.83397171e-02, -3.23369669e-08, 1.58171132e-02,
       7.43686855e-02, 1.61238400e-08, -6.15520328e-02, -3.83104943e-02,
       1.63828693e-02, 2.66289959e-08, -1.77554172e-02, -9.57429931e-02,
       1.21267810e-01, -1.54585969e-10, -7.63272420e-02, -2.33813189e-03,
       -9.51504428e-03, 7.78516978e-02, 1.93187327e-03, -4.55058478e-02,
       1.21535853e-01, -1.07440241e-02, -6.72025904e-02, -3.07242777e-02,
       -2.66619399e-02, 2.14743684e-03, -5.84996399e-03, -4.50797454e-02,
       3.64326835e-02, 1.20630935e-01, 9.57429931e-02, -1.77554172e-02,
       1.54520910e-10, 1.21267810e-01, -4.19610459e-03, -7.79014602e-02,
       1.83484763e-01, -1.10087126e-01, -1.63288891e-01, -1.80698887e-01,
       1.19331116e-02, 3.87646109e-02, 3.25011536e-02, 1.41991330e-02,
       7.39517510e-02, -2.81766001e-02, -5.65169938e-02, -3.70677076e-02,
       1.39188292e-02, 3.57251279e-02, -4.07850705e-02, -8.56343284e-02,
       1.21267810e-01, -4.39221048e-10, -4.02571224e-02, -9.34766885e-03,
       -1.34515567e-02, 1.73420668e-01, 2.33399794e-02, -7.51634538e-02,
       1.29281119e-01, -3.40892076e-02, -8.24953243e-02, -7.35517219e-02,
       -4.01544869e-02, 2.23528482e-02, 4.31065448e-04, -7.25076422e-02,
       9.83794481e-02, 1.33360162e-01, 8.56343284e-02, -4.07850705e-02,
       4.39162873e-10, 1.21267810e-01, -7.49091525e-03, -5.56059331e-02,
       1.30446747e-01, -9.84069891e-03, -1.19010359e-01, -1.63287535e-01,
       2.95323543e-02, -1.62371770e-02, 7.10226372e-02, 2.28508804e-02,
       7.61800855e-02, -5.50489202e-02, -1.16665801e-02, -2.09459085e-02,
       -8.95896647e-03, 8.88268277e-02, -5.42336665e-02, -6.39749989e-02,
       1.21267810e-01, -6.15309748e-10, 4.86804312e-03, -7.80319795e-03,
       1.20138722e-02, 2.25192457e-01, -3.14309029e-03, -1.36834159e-01,
       1.32491216e-01, -5.88371679e-02, -6.75730854e-02, -1.10731594e-01,
       -3.24806906e-02, 4.18729633e-02, 9.59937647e-03, -1.18877217e-01,
       1.71801344e-01, 1.24816664e-01, 6.39749989e-02, -5.42336665e-02,
       6.15266227e-10, 1.21267810e-01, -3.16760212e-04, -3.88641208e-02,
       3.09152752e-02, 1.80610225e-01, -2.11545769e-02, -7.41804466e-02,
       3.24425548e-02, -8.50531459e-02, 5.42965122e-02, 3.73253189e-02,
       7.71884769e-02, -4.77336943e-02, 4.51928899e-02, 1.46061005e-02,
       -7.28472844e-02, 9.66676101e-02, -1.65630188e-02, -6.22910485e-02,
       1.21267810e-01, -1.61132913e-10, -9.16929021e-02, -2.35080672e-03,
       -5.17007289e-03, 7.22409412e-02, -2.98659899e-03, -5.23585305e-02,
       9.13369134e-02, -5.12443017e-03, -4.40744981e-02, -3.31880525e-02,
       -2.48247460e-02, 4.33270000e-02, -6.20011333e-03, -4.72067967e-02,
       3.95321548e-02, 2.74126381e-02, 6.22910485e-02, -1.65630188e-02,
       1.61090571e-10, 1.21267810e-01, -1.85885688e-03, -1.08767688e-01,
       6.67471485e-03, 1.60681725e-01, 4.91582416e-02, 8.89410898e-02,
       1.11860037e-02, -2.56270077e-02, 2.17681024e-02, 8.05121735e-02,
       4.11304496e-02, -2.43221633e-02, 2.80241040e-03, 4.77503613e-02,
       -1.32021397e-01, 3.35372910e-02, 2.36691694e-10, -6.41705394e-02,
       1.21267810e-01, 4.02006796e-11, -9.74126682e-02, 3.53581631e-09,
       -2.69404055e-08, -6.23306118e-09, 3.33394077e-08, -2.59394408e-08,
       8.94116685e-02, 8.93032563e-08, -4.02934030e-02, -9.83146364e-08,
       -1.00049043e-07, 3.80559564e-02, -7.48945581e-08, -3.31080834e-08,
       -1.28746663e-07, 1.05163101e-02, 6.41705394e-02, 2.35465425e-10,
       -4.02442836e-11, 1.21267810e-01, -1.01963982e-09, -1.15019336e-01,
       7.11950054e-03, 1.49806827e-01, 5.10747135e-02, 1.05479978e-01,
       9.51791890e-08, -2.18671821e-02, 1.05327906e-07, 8.27097148e-02,
       4.08289209e-02, 1.80500805e-07, -6.05770107e-03, 5.33589311e-02,
       -1.36094213e-01, 1.02650361e-07, 1.65630188e-02, -6.22910485e-02,
       1.21267810e-01, 2.39179399e-10, -9.16928127e-02, 2.35081301e-03,
       5.17008360e-03, -7.22410753e-02, 2.98662810e-03, 5.23584746e-02,
       9.13370997e-02, 5.12445718e-03, -4.40746509e-02, 3.31880488e-02,
       2.48246640e-02, 4.33273464e-02, 6.20019296e-03, 4.72066849e-02,
       -3.95321473e-02, 2.74124052e-02, 6.22910485e-02, 1.65630188e-02,
       -2.39221726e-10, 1.21267810e-01, 1.85885618e-03, -1.08767763e-01,
       6.67468086e-03, 1.60681635e-01, 4.91582267e-02, 8.89410153e-02,
       -1.11860111e-02, -2.56270394e-02, -2.17679758e-02, 8.05121586e-02,
       4.11302857e-02, 2.43225098e-02, 2.80246907e-03, 4.77503836e-02,
       -1.32021457e-01, -3.35370041e-02, 5.42336665e-02, -6.39749989e-02,
       1.21267810e-01, 6.95466074e-10, 4.86803520e-03, 7.80320913e-03,
       -1.20138731e-02, -2.25192383e-01, 3.14321159e-03, 1.36834264e-01,
       1.32491022e-01, 5.88371307e-02, -6.75731748e-02, 1.10731460e-01,
       3.24805193e-02, 4.18731906e-02, -9.59922001e-03, 1.18876949e-01,
       -1.71801001e-01, 1.24817036e-01, 6.39749989e-02, 5.42336665e-02,
       -6.95509539e-10, 1.21267810e-01, 3.16759339e-04, -3.88641469e-02,
       3.09152640e-02, 1.80610314e-01, -2.11545806e-02, -7.41805360e-02,
       -3.24424095e-02, -8.50532278e-02, -5.42962886e-02, 3.73253301e-02,
       7.71882832e-02, 4.77337912e-02, 4.51929159e-02, 1.46059757e-02,
       -7.28473291e-02, -9.66672674e-02, 1.68982446e-02, -7.50268698e-02,
       1.21267810e-01, 2.51208998e-10, -8.51697922e-02, 2.77647702e-03,
       7.82463327e-03, -7.79728070e-02, -1.72190063e-04, 4.80767451e-02,
       1.09374627e-01, 7.43497303e-03, -6.16709627e-02, 3.17182802e-02,
       2.51994617e-02, 2.44646799e-02, 3.11500463e-03, 4.64056395e-02,
       -3.62225212e-02, 8.49251300e-02, 7.50268698e-02, 1.68982446e-02,
       -2.51259985e-10, 1.21267810e-01, 6.04005391e-03, -6.75784647e-02,
       1.56597063e-01, -1.17778882e-01, -1.24757089e-01, -1.43569797e-01,
       -6.43538591e-03, 1.73261724e-02, -3.53669226e-02, 8.30088556e-03,
       3.85136642e-02, 2.62136869e-02, -1.22838937e-01, -7.92911556e-03,
       -8.85238592e-03, -1.79559309e-02, 1.58737024e-10, -7.71153271e-02,
       1.21267810e-01, 4.83101510e-11, -9.03899521e-02, 3.16605075e-09,
       -2.14715818e-08, -7.41754747e-09, 4.50788491e-08, 1.74612741e-10,
       1.07706957e-01, 9.25633827e-08, -6.10360503e-02, -7.28628962e-08,
       -4.02465226e-08, 1.89910457e-02, -5.20404662e-08, 4.83459175e-08,
       -9.88138780e-08, 7.14991912e-02, 7.71153271e-02, 1.57263355e-10,
       -4.83625535e-11, 1.21267810e-01, -8.60712113e-10, -7.34536573e-02,
       1.63600847e-01, -1.31330132e-01, -1.25616923e-01, -1.34987876e-01,
       3.74709508e-08, 2.01305635e-02, 1.05225251e-08, 6.65725488e-03,
       4.10803221e-02, 1.27438042e-07, -1.33738741e-01, -6.51459256e-03,
       -4.77457745e-03, 7.39807078e-08, -1.68982446e-02, -7.50268698e-02,
       1.21267810e-01, -1.57205388e-10, -8.51698592e-02, -2.77647562e-03,
       -7.82466680e-03, 7.79727474e-02, 1.72221495e-04, -4.80767712e-02,
       1.09374464e-01, -7.43491063e-03, -6.16708770e-02, -3.17184553e-02,
       -2.51996312e-02, 2.44644582e-02, -3.11505306e-03, -4.64056134e-02,
       3.62224616e-02, 8.49250033e-02, 7.50268698e-02, -1.68982446e-02,
       1.57154414e-10, 1.21267810e-01, -6.04005717e-03, -6.75784275e-02,
       1.56597197e-01, -1.17778771e-01, -1.24756984e-01, -1.43569857e-01,
       6.43561874e-03, 1.73262246e-02, 3.53669524e-02, 8.30082688e-03,
       3.85137126e-02, -2.62137521e-02, -1.22839049e-01, -7.92904105e-03,
       -8.85238498e-03, 1.79560240e-02 ]
ParamVarience: !!opencv-matrix
   rows: 20
   cols: 1
   dt: f
   data: [ -1., -1., -1., -1., 1.47757791e-02, 5.01605030e-03,
       1.90067256e-03, 1.38279703e-03, 8.25165363e-04, 6.43874169e-04,
       5.14381332e-04, 4.65673424e-04, 4.51320841e-04, 3.52494098e-04,
       2.50743789e-04, 2.53412931e-04, 2.09193182e-04, 1.95301720e-04,
       1.29485808e-04, 1.23127145e-04 ]
